title="d2z6      Re=38000     iterations=110001 "
 zone t="d2z6"variables=u/U,Y
0.000027 0.000000
0.001565 0.002283
-0.009047 0.004566
-0.038285 0.006849
-0.073745 0.009132
-0.110333 0.011416
-0.144593 0.013699
-0.180265 0.015982
-0.211897 0.018265
-0.248332 0.020548
-0.274487 0.022831
-0.303825 0.025114
-0.316521 0.027397
-0.328955 0.029680
-0.325192 0.031963
-0.319659 0.034247
-0.304834 0.036530
-0.289310 0.038813
-0.271134 0.041096
-0.253262 0.043379
-0.235064 0.045662
-0.216951 0.047945
-0.199218 0.050228
-0.181095 0.052511
-0.164328 0.054795
-0.147008 0.057078
-0.132944 0.059361
-0.119267 0.061644
-0.111301 0.063927
-0.103459 0.066210
-0.101372 0.068493
-0.097645 0.070776
-0.098238 0.073059
-0.096224 0.075342
-0.097388 0.077626
-0.095857 0.079909
-0.096729 0.082192
-0.095211 0.084475
-0.095515 0.086758
-0.093933 0.089041
-0.093730 0.091324
-0.092203 0.093607
-0.091730 0.095890
-0.090418 0.098174
-0.089937 0.100457
-0.088943 0.102740
-0.088641 0.105023
-0.087976 0.107306
-0.087942 0.109589
-0.087549 0.111872
-0.087783 0.114155
-0.087566 0.116438
-0.088014 0.118721
-0.087863 0.121005
-0.088439 0.123288
-0.088255 0.125571
-0.088866 0.127854
-0.088580 0.130137
-0.089144 0.132420
-0.088717 0.134703
-0.089180 0.136986
-0.088599 0.139269
-0.088930 0.141553
-0.088196 0.143836
-0.088382 0.146119
-0.087504 0.148402
-0.087545 0.150685
-0.086546 0.152968
-0.086455 0.155251
-0.085373 0.157534
-0.085175 0.159817
-0.084052 0.162100
-0.083774 0.164384
-0.082648 0.166667
-0.082314 0.168950
-0.081214 0.171233
-0.080844 0.173516
-0.079785 0.175799
-0.079393 0.178082
-0.078382 0.180365
-0.077978 0.182648
-0.077023 0.184932
-0.076611 0.187215
-0.075710 0.189498
-0.075295 0.191781
-0.074446 0.194064
-0.074030 0.196347
-0.073234 0.198630
-0.072816 0.200913
-0.072067 0.203196
-0.071649 0.205479
-0.070944 0.207763
-0.070524 0.210046
-0.069861 0.212329
-0.069439 0.214612
-0.068812 0.216895
-0.068389 0.219178
-0.067791 0.221461
-0.067366 0.223744
-0.066800 0.226027
-0.066373 0.228311
-0.065833 0.230594
-0.065407 0.232877
-0.064897 0.235160
-0.064473 0.237443
-0.063998 0.239726
-0.063580 0.242009
-0.063150 0.244292
-0.062742 0.246575
-0.062361 0.248858
-0.061967 0.251142
-0.061655 0.253425
-0.061277 0.255708
-0.061034 0.257991
-0.060676 0.260274
-0.060512 0.262557
-0.060174 0.264840
-0.060087 0.267123
-0.059766 0.269406
-0.059762 0.271689
-0.059459 0.273973
-0.059517 0.276256
-0.059226 0.278539
-0.059359 0.280822
-0.059081 0.283105
-0.059261 0.285388
-0.058993 0.287671
-0.059230 0.289954
-0.058971 0.292237
-0.059242 0.294521
-0.058989 0.296804
-0.059311 0.299087
-0.059068 0.301370
-0.059404 0.303653
-0.059166 0.305936
-0.059554 0.308219
-0.059323 0.310502
-0.059718 0.312785
-0.059494 0.315068
-0.059933 0.317352
-0.059715 0.319635
-0.060156 0.321918
-0.059943 0.324201
-0.060432 0.326484
-0.060227 0.328767
-0.060704 0.331050
-0.060503 0.333333
-0.061029 0.335616
-0.060831 0.337900
-0.061353 0.340183
-0.061164 0.342466
-0.061706 0.344749
-0.061516 0.347032
-0.062092 0.349315
-0.061916 0.351598
-0.062445 0.353881
-0.062259 0.356164
-0.062923 0.358447
-0.062763 0.360731
-0.063224 0.363014
-0.063043 0.365297
-0.063839 0.367580
-0.063692 0.369863
-0.064053 0.372146
-0.063886 0.374429
-0.064802 0.376712
-0.064661 0.378995
-0.064959 0.381279
-0.064817 0.383562
-0.065785 0.385845
-0.065655 0.388128
-0.065951 0.390411
-0.065835 0.392694
-0.066784 0.394977
-0.066671 0.397260
-0.067027 0.399543
-0.066941 0.401826
-0.067808 0.404110
-0.067719 0.406393
-0.068164 0.408676
-0.068109 0.410959
-0.068883 0.413242
-0.068831 0.415525
-0.069334 0.417808
-0.069310 0.420091
-0.070018 0.422374
-0.070008 0.424658
-0.070532 0.426941
-0.070547 0.429224
-0.071198 0.431507
-0.071228 0.433790
-0.071751 0.436073
-0.071809 0.438356
-0.072411 0.440639
-0.072487 0.442922
-0.072974 0.445205
-0.073072 0.447489
-0.073632 0.449772
-0.073753 0.452055
-0.074188 0.454338
-0.074330 0.456621
-0.074822 0.458904
-0.074980 0.461187
-0.075359 0.463470
-0.075538 0.465753
-0.075945 0.468037
-0.076134 0.470320
-0.076421 0.472603
-0.076619 0.474886
-0.076921 0.477169
-0.077121 0.479452
-0.077284 0.481735
-0.077477 0.484018
-0.077613 0.486301
-0.077783 0.488584
-0.077773 0.490868
-0.077913 0.493151
-0.077813 0.495434
-0.077898 0.497717
-0.077612 0.500000
-0.077623 0.502283
-0.077198 0.504566
-0.077118 0.506849
-0.076451 0.509132
-0.076254 0.511416
-0.075379 0.513699
-0.075043 0.515982
-0.073903 0.518265
-0.073418 0.520548
-0.072020 0.522831
-0.071369 0.525114
-0.069683 0.527397
-0.068863 0.529680
-0.066941 0.531963
-0.065969 0.534247
-0.063769 0.536530
-0.062658 0.538813
-0.060301 0.541096
-0.059106 0.543379
-0.056572 0.545662
-0.055363 0.547945
-0.052844 0.550228
-0.051717 0.552511
-0.049172 0.554795
-0.048235 0.557078
-0.045975 0.559361
-0.045376 0.561644
-0.043309 0.563927
-0.043166 0.566210
-0.041571 0.568493
-0.041907 0.570776
-0.040604 0.573059
-0.041309 0.575342
-0.040244 0.577626
-0.041083 0.579909
-0.040071 0.582192
-0.041023 0.584475
-0.040249 0.586758
-0.041627 0.589041
-0.041363 0.591324
-0.043403 0.593607
-0.043609 0.595890
-0.045896 0.598174
-0.045951 0.600457
-0.047768 0.602740
-0.047173 0.605023
-0.048301 0.607306
-0.047173 0.609589
-0.047910 0.611872
-0.046580 0.614155
-0.047246 0.616438
-0.045910 0.618721
-0.046656 0.621005
-0.045433 0.623288
-0.046325 0.625571
-0.045238 0.627854
-0.046271 0.630137
-0.045259 0.632420
-0.046338 0.634703
-0.045344 0.636986
-0.046360 0.639269
-0.045306 0.641553
-0.046164 0.643836
-0.044958 0.646119
-0.045540 0.648402
-0.044120 0.650685
-0.044231 0.652968
-0.042367 0.655251
-0.041594 0.657534
-0.038889 0.659817
-0.036589 0.662100
-0.032573 0.664384
-0.028188 0.666667
-0.022605 0.668950
-0.015966 0.671233
-0.008781 0.673516
-0.000142 0.675799
0.008225 0.678082
0.018274 0.680365
0.027418 0.682648
0.038086 0.684932
0.047368 0.687215
0.057582 0.689498
0.066228 0.691781
0.074387 0.694064
0.081429 0.696347
0.086024 0.698630
0.091066 0.700913
0.092152 0.703196
0.095783 0.705479
0.095191 0.707763
0.098579 0.710046
0.098223 0.712329
0.101976 0.714612
0.102702 0.716895
0.106936 0.719178
0.108824 0.721461
0.113310 0.723744
0.116128 0.726027
0.120829 0.728311
0.124301 0.730594
0.128903 0.732877
0.132757 0.735160
0.137350 0.737443
0.141420 0.739726
0.145773 0.742009
0.149987 0.744292
0.154263 0.746575
0.158562 0.748858
0.162488 0.751142
0.166803 0.753425
0.170641 0.755708
0.174964 0.757991
0.178386 0.760274
0.182663 0.762557
0.185944 0.764840
0.190124 0.767123
0.192989 0.769406
0.197068 0.771689
0.199757 0.773973
0.203689 0.776256
0.205954 0.778539
0.209705 0.780822
0.211787 0.783105
0.215361 0.785388
0.217031 0.787671
0.220407 0.789954
0.221803 0.792237
0.224942 0.794521
0.225885 0.796804
0.228798 0.799087
0.229257 0.801370
0.231884 0.803653
0.231618 0.805936
0.233884 0.808219
0.232809 0.810502
0.234661 0.812785
0.232592 0.815068
0.233950 0.817352
0.230892 0.819635
0.231700 0.821918
0.227769 0.824201
0.228065 0.826484
0.223438 0.828767
0.223249 0.831050
0.218157 0.833333
0.217536 0.835616
0.212220 0.837900
0.211270 0.840183
0.205873 0.842466
0.204635 0.844749
0.199282 0.847032
0.197792 0.849315
0.192597 0.851598
0.190926 0.853881
0.185936 0.856164
0.184100 0.858447
0.179394 0.860731
0.177424 0.863014
0.173119 0.865297
0.171098 0.867580
0.167275 0.869863
0.165247 0.872146
0.161998 0.874429
0.160015 0.876712
0.157326 0.878995
0.155403 0.881279
0.152957 0.883562
0.150955 0.885845
0.148352 0.888128
0.146170 0.890411
0.143369 0.892694
0.141133 0.894977
0.138555 0.897260
0.136532 0.899543
0.134760 0.901826
0.133188 0.904110
0.132458 0.906393
0.131361 0.908676
0.131398 0.910959
0.130585 0.913242
0.130967 0.915525
0.130266 0.917808
0.130751 0.920091
0.130124 0.922374
0.130707 0.924658
0.130249 0.926941
0.131159 0.929224
0.131044 0.931507
0.132443 0.933790
0.132662 0.936073
0.134294 0.938356
0.134557 0.940639
0.135972 0.942922
0.135999 0.945205
0.136988 0.947489
0.136733 0.949772
0.137387 0.952055
0.136963 0.954338
0.137474 0.956621
0.136984 0.958904
0.137450 0.961187
0.136909 0.963470
0.137325 0.965753
0.136740 0.968037
0.137149 0.970320
0.136597 0.972603
0.137221 0.974886
0.137395 0.977169
0.140586 0.979452
0.148032 0.981735
0.169600 0.984018
0.216057 0.986301
0.309822 0.988584
0.466948 0.990868
0.688978 0.993151
0.905652 0.995434
