title="d2z6      Re=38000     iterations=190001 "
 zone t="d2z6"variables=u/U,Y
-0.000030 0.000000
-0.020468 0.002283
-0.062168 0.004566
-0.109503 0.006849
-0.154534 0.009132
-0.202308 0.011416
-0.240880 0.013699
-0.277288 0.015982
-0.300860 0.018265
-0.318065 0.020548
-0.324373 0.022831
-0.323278 0.025114
-0.317820 0.027397
-0.307061 0.029680
-0.297746 0.031963
-0.285558 0.034247
-0.276801 0.036530
-0.266520 0.038813
-0.259237 0.041096
-0.250879 0.043379
-0.244704 0.045662
-0.237729 0.047945
-0.232448 0.050228
-0.226656 0.052511
-0.222077 0.054795
-0.217182 0.057078
-0.212937 0.059361
-0.208552 0.061644
-0.204255 0.063927
-0.200047 0.066210
-0.195426 0.068493
-0.191208 0.070776
-0.186172 0.073059
-0.181918 0.075342
-0.176561 0.077626
-0.172372 0.079909
-0.166919 0.082192
-0.162962 0.084475
-0.157681 0.086758
-0.154122 0.089041
-0.149243 0.091324
-0.146203 0.093607
-0.141888 0.095890
-0.139431 0.098174
-0.135775 0.100457
-0.133907 0.102740
-0.130941 0.105023
-0.129617 0.107306
-0.127313 0.109589
-0.126455 0.111872
-0.124739 0.114155
-0.124256 0.116438
-0.123026 0.118721
-0.122823 0.121005
-0.121973 0.123288
-0.121972 0.125571
-0.121404 0.127854
-0.121541 0.130137
-0.121171 0.132420
-0.121399 0.134703
-0.121161 0.136986
-0.121445 0.139269
-0.121291 0.141553
-0.121617 0.143836
-0.121511 0.146119
-0.121866 0.148402
-0.121785 0.150685
-0.122165 0.152968
-0.122092 0.155251
-0.122492 0.157534
-0.122412 0.159817
-0.122818 0.162100
-0.122713 0.164384
-0.123101 0.166667
-0.122950 0.168950
-0.123295 0.171233
-0.123077 0.173516
-0.123346 0.175799
-0.123043 0.178082
-0.123214 0.180365
-0.122813 0.182648
-0.122879 0.184932
-0.122382 0.187215
-0.122353 0.189498
-0.121766 0.191781
-0.121665 0.194064
-0.121008 0.196347
-0.120877 0.198630
-0.120167 0.200913
-0.120047 0.203196
-0.119312 0.205479
-0.119245 0.207763
-0.118501 0.210046
-0.118530 0.212329
-0.117802 0.214612
-0.117958 0.216895
-0.117259 0.219178
-0.117559 0.221461
-0.116912 0.223744
-0.117362 0.226027
-0.116776 0.228311
-0.117361 0.230594
-0.116851 0.232877
-0.117531 0.235160
-0.117099 0.237443
-0.117819 0.239726
-0.117468 0.242009
-0.118161 0.244292
-0.117880 0.246575
-0.118476 0.248858
-0.118252 0.251142
-0.118705 0.253425
-0.118517 0.255708
-0.118800 0.257991
-0.118632 0.260274
-0.118740 0.262557
-0.118571 0.264840
-0.118520 0.267123
-0.118338 0.269406
-0.118151 0.271689
-0.117940 0.273973
-0.117628 0.276256
-0.117381 0.278539
-0.116957 0.280822
-0.116661 0.283105
-0.116134 0.285388
-0.115784 0.287671
-0.115155 0.289954
-0.114744 0.292237
-0.114022 0.294521
-0.113547 0.296804
-0.112752 0.299087
-0.112208 0.301370
-0.111348 0.303653
-0.110736 0.305936
-0.109826 0.308219
-0.109141 0.310502
-0.108198 0.312785
-0.107445 0.315068
-0.106466 0.317352
-0.105639 0.319635
-0.104635 0.321918
-0.103737 0.324201
-0.102701 0.326484
-0.101728 0.328767
-0.100677 0.331050
-0.099633 0.333333
-0.098529 0.335616
-0.097408 0.337900
-0.096306 0.340183
-0.095116 0.342466
-0.093939 0.344749
-0.092670 0.347032
-0.091516 0.349315
-0.090174 0.351598
-0.088911 0.353881
-0.087484 0.356164
-0.086293 0.358447
-0.084787 0.360731
-0.083425 0.363014
-0.081821 0.365297
-0.080593 0.367580
-0.078894 0.369863
-0.077436 0.372146
-0.075620 0.374429
-0.074352 0.376712
-0.072413 0.378995
-0.070850 0.381279
-0.068769 0.383562
-0.067464 0.385845
-0.065229 0.388128
-0.063564 0.390411
-0.061165 0.392694
-0.059808 0.394977
-0.057232 0.397260
-0.055496 0.399543
-0.052761 0.401826
-0.051351 0.404110
-0.048446 0.406393
-0.046674 0.408676
-0.043658 0.410959
-0.042214 0.413242
-0.039078 0.415525
-0.037344 0.417808
-0.034178 0.420091
-0.032716 0.422374
-0.029512 0.424658
-0.027891 0.426941
-0.024736 0.429224
-0.023308 0.431507
-0.020185 0.433790
-0.018705 0.436073
-0.015677 0.438356
-0.014360 0.440639
-0.011437 0.442922
-0.010140 0.445205
-0.007383 0.447489
-0.006277 0.449772
-0.003762 0.452055
-0.002732 0.454338
-0.000534 0.456621
0.000252 0.458904
0.002062 0.461187
0.002783 0.463470
0.004177 0.465753
0.004603 0.468037
0.005551 0.470320
0.005994 0.472603
0.006541 0.474886
0.006657 0.477169
0.006795 0.479452
0.007040 0.481735
0.006832 0.484018
0.006736 0.486301
0.006209 0.488584
0.006367 0.490868
0.005575 0.493151
0.005422 0.495434
0.004418 0.497717
0.004597 0.500000
0.003438 0.502283
0.003402 0.504566
0.002153 0.506849
0.002492 0.509132
0.001205 0.511416
0.001417 0.513699
0.000165 0.515982
0.000808 0.518265
-0.000358 0.520548
0.000215 0.522831
-0.000812 0.525114
0.000239 0.527397
-0.000585 0.529680
0.000438 0.531963
-0.000155 0.534247
0.001358 0.536530
0.001024 0.538813
0.002497 0.541096
0.002435 0.543379
0.004336 0.545662
0.004501 0.547945
0.006327 0.550228
0.006694 0.552511
0.008769 0.554795
0.009258 0.557078
0.011244 0.559361
0.011798 0.561644
0.013842 0.563927
0.014381 0.566210
0.016285 0.568493
0.016761 0.570776
0.018621 0.573059
0.018980 0.575342
0.020628 0.577626
0.020853 0.579909
0.022412 0.582192
0.022544 0.584475
0.023922 0.586758
0.024023 0.589041
0.025355 0.591324
0.025524 0.593607
0.026749 0.595890
0.027063 0.598174
0.028361 0.600457
0.028886 0.602740
0.030093 0.605023
0.030839 0.607306
0.032179 0.609589
0.033180 0.611872
0.034463 0.614155
0.035685 0.616438
0.037048 0.618721
0.038445 0.621005
0.039743 0.623288
0.041141 0.625571
0.042383 0.627854
0.043515 0.630137
0.044498 0.632420
0.044990 0.634703
0.045667 0.636986
0.045203 0.639269
0.045418 0.641553
0.043720 0.643836
0.043408 0.646119
0.040353 0.648402
0.039500 0.650685
0.035070 0.652968
0.033696 0.655251
0.028016 0.657534
0.026165 0.659817
0.019468 0.662100
0.017297 0.664384
0.009941 0.666667
0.007581 0.668950
-0.000028 0.671233
-0.002413 0.673516
-0.009786 0.675799
-0.011954 0.678082
-0.018592 0.680365
-0.020345 0.682648
-0.025685 0.684932
-0.026801 0.687215
-0.030299 0.689498
-0.030445 0.691781
-0.031543 0.694064
-0.030690 0.696347
-0.029340 0.698630
-0.027118 0.700913
-0.023541 0.703196
-0.021154 0.705479
-0.016725 0.707763
-0.012978 0.710046
-0.008362 0.712329
-0.006333 0.714612
-0.002418 0.716895
0.001233 0.719178
0.004645 0.721461
0.006109 0.723744
0.009120 0.726027
0.012410 0.728311
0.015253 0.730594
0.016744 0.732877
0.019588 0.735160
0.022776 0.737443
0.025649 0.739726
0.027408 0.742009
0.030410 0.744292
0.033612 0.746575
0.036694 0.748858
0.038762 0.751142
0.041961 0.753425
0.045155 0.755708
0.048453 0.757991
0.050798 0.760274
0.054233 0.762557
0.057486 0.764840
0.061060 0.767123
0.063662 0.769406
0.067427 0.771689
0.070803 0.773973
0.074742 0.776256
0.077674 0.778539
0.081829 0.780822
0.085317 0.783105
0.089660 0.785388
0.092919 0.787671
0.097446 0.789954
0.101123 0.792237
0.105823 0.794521
0.109231 0.796804
0.114027 0.799087
0.117946 0.801370
0.122849 0.803653
0.126254 0.805936
0.131128 0.808219
0.135162 0.810502
0.140018 0.812785
0.143335 0.815068
0.148058 0.817352
0.152001 0.819635
0.156545 0.821918
0.159719 0.824201
0.164080 0.826484
0.167725 0.828767
0.171788 0.831050
0.174833 0.833333
0.178675 0.835616
0.181900 0.837900
0.185439 0.840183
0.188327 0.842466
0.191607 0.844749
0.194490 0.847032
0.197513 0.849315
0.200170 0.851598
0.202965 0.853881
0.205617 0.856164
0.208183 0.858447
0.210667 0.860731
0.213071 0.863014
0.215520 0.865297
0.217764 0.867580
0.220164 0.869863
0.222276 0.872146
0.224613 0.874429
0.226647 0.876712
0.228955 0.878995
0.230911 0.881279
0.233210 0.883562
0.235105 0.885845
0.237349 0.888128
0.239228 0.890411
0.241464 0.892694
0.243318 0.894977
0.245553 0.897260
0.247387 0.899543
0.249562 0.901826
0.251388 0.904110
0.253481 0.906393
0.255217 0.908676
0.257134 0.910959
0.258728 0.913242
0.260341 0.915525
0.261758 0.917808
0.263060 0.920091
0.264263 0.922374
0.265277 0.924658
0.266315 0.926941
0.267115 0.929224
0.268081 0.931507
0.268847 0.933790
0.269810 0.936073
0.270685 0.938356
0.271756 0.940639
0.272857 0.942922
0.274128 0.945205
0.275572 0.947489
0.277067 0.949772
0.278850 0.952055
0.280581 0.954338
0.282623 0.956621
0.284530 0.958904
0.286727 0.961187
0.288698 0.963470
0.290926 0.965753
0.292905 0.968037
0.295133 0.970320
0.297096 0.972603
0.299311 0.974886
0.301086 0.977169
0.302992 0.979452
0.305094 0.981735
0.311317 0.984018
0.330195 0.986301
0.384671 0.988584
0.503252 0.990868
0.703006 0.993151
0.909197 0.995434
