title="d2z6      Re=38000     iterations=220001 "
 zone t="d2z6"variables=u/U,Y
-0.000062 0.000000
-0.036151 0.002283
-0.100973 0.004566
-0.151924 0.006849
-0.185325 0.009132
-0.207875 0.011416
-0.221362 0.013699
-0.233607 0.015982
-0.242811 0.018265
-0.254220 0.020548
-0.263451 0.022831
-0.275727 0.025114
-0.285317 0.027397
-0.298439 0.029680
-0.307998 0.031963
-0.321101 0.034247
-0.329611 0.036530
-0.340705 0.038813
-0.346389 0.041096
-0.352291 0.043379
-0.352991 0.045662
-0.350714 0.047945
-0.345642 0.050228
-0.335627 0.052511
-0.326860 0.054795
-0.313475 0.057078
-0.304002 0.059361
-0.291009 0.061644
-0.281657 0.063927
-0.269218 0.066210
-0.259010 0.068493
-0.245722 0.070776
-0.234025 0.073059
-0.219394 0.075342
-0.206552 0.077626
-0.191191 0.079909
-0.178084 0.082192
-0.163170 0.084475
-0.151016 0.086758
-0.138041 0.089041
-0.128249 0.091324
-0.118459 0.093607
-0.111802 0.095890
-0.105149 0.098174
-0.101148 0.100457
-0.096947 0.102740
-0.095103 0.105023
-0.093048 0.107306
-0.092946 0.109589
-0.092453 0.111872
-0.093502 0.114155
-0.093973 0.116438
-0.095727 0.118721
-0.096730 0.121005
-0.098811 0.123288
-0.099968 0.125571
-0.102035 0.127854
-0.103034 0.130137
-0.104844 0.132420
-0.105492 0.134703
-0.106927 0.136986
-0.107160 0.139269
-0.108214 0.141553
-0.108073 0.143836
-0.108805 0.146119
-0.108371 0.148402
-0.108857 0.150685
-0.108220 0.152968
-0.108529 0.155251
-0.107755 0.157534
-0.107938 0.159817
-0.107077 0.162100
-0.107172 0.164384
-0.106255 0.166667
-0.106290 0.168950
-0.105347 0.171233
-0.105343 0.173516
-0.104390 0.175799
-0.104368 0.178082
-0.103431 0.180365
-0.103402 0.182648
-0.102500 0.184932
-0.102483 0.187215
-0.101633 0.189498
-0.101630 0.191781
-0.100844 0.194064
-0.100868 0.196347
-0.100156 0.198630
-0.100201 0.200913
-0.099561 0.203196
-0.099628 0.205479
-0.099060 0.207763
-0.099141 0.210046
-0.098644 0.212329
-0.098736 0.214612
-0.098306 0.216895
-0.098399 0.219178
-0.098034 0.221461
-0.098126 0.223744
-0.097825 0.226027
-0.097909 0.228311
-0.097670 0.230594
-0.097739 0.232877
-0.097558 0.235160
-0.097609 0.237443
-0.097486 0.239726
-0.097515 0.242009
-0.097443 0.244292
-0.097441 0.246575
-0.097414 0.248858
-0.097383 0.251142
-0.097397 0.253425
-0.097327 0.255708
-0.097372 0.257991
-0.097265 0.260274
-0.097335 0.262557
-0.097181 0.264840
-0.097268 0.267123
-0.097078 0.269406
-0.097174 0.271689
-0.096931 0.273973
-0.097026 0.276256
-0.096749 0.278539
-0.096840 0.280822
-0.096512 0.283105
-0.096591 0.285388
-0.096232 0.287671
-0.096292 0.289954
-0.095886 0.292237
-0.095927 0.294521
-0.095498 0.296804
-0.095515 0.299087
-0.095045 0.301370
-0.095033 0.303653
-0.094548 0.305936
-0.094507 0.308219
-0.093989 0.310502
-0.093924 0.312785
-0.093396 0.315068
-0.093290 0.317352
-0.092734 0.319635
-0.092617 0.321918
-0.092059 0.324201
-0.091884 0.326484
-0.091294 0.328767
-0.091140 0.331050
-0.090558 0.333333
-0.090293 0.335616
-0.089676 0.337900
-0.089512 0.340183
-0.088905 0.342466
-0.088534 0.344749
-0.087888 0.347032
-0.087727 0.349315
-0.087101 0.351598
-0.086613 0.353881
-0.085939 0.356164
-0.085797 0.358447
-0.085152 0.360731
-0.084529 0.363014
-0.083832 0.365297
-0.083726 0.367580
-0.083062 0.369863
-0.082310 0.372146
-0.081602 0.374429
-0.081509 0.376712
-0.080831 0.378995
-0.080002 0.381279
-0.079303 0.383562
-0.079169 0.385845
-0.078485 0.388128
-0.077660 0.390411
-0.076997 0.392694
-0.076755 0.394977
-0.076088 0.397260
-0.075364 0.399543
-0.074755 0.401826
-0.074370 0.404110
-0.073776 0.406393
-0.073198 0.408676
-0.072678 0.410959
-0.072240 0.413242
-0.071790 0.415525
-0.071353 0.417808
-0.071005 0.420091
-0.070688 0.422374
-0.070480 0.424658
-0.070247 0.426941
-0.070195 0.429224
-0.070148 0.431507
-0.070302 0.433790
-0.070389 0.436073
-0.070744 0.438356
-0.071078 0.440639
-0.071669 0.442922
-0.072116 0.445205
-0.072914 0.447489
-0.073638 0.449772
-0.074643 0.452055
-0.075410 0.454338
-0.076585 0.456621
-0.077590 0.458904
-0.078918 0.461187
-0.079913 0.463470
-0.081355 0.465753
-0.082540 0.468037
-0.084086 0.470320
-0.085213 0.472603
-0.086836 0.474886
-0.088144 0.477169
-0.089831 0.479452
-0.091066 0.481735
-0.092803 0.484018
-0.094183 0.486301
-0.095951 0.488584
-0.097283 0.490868
-0.099062 0.493151
-0.100486 0.495434
-0.102254 0.497717
-0.103621 0.500000
-0.105353 0.502283
-0.106767 0.504566
-0.108428 0.506849
-0.109767 0.509132
-0.111338 0.511416
-0.112640 0.513699
-0.114091 0.515982
-0.115312 0.518265
-0.116614 0.520548
-0.117725 0.522831
-0.118862 0.525114
-0.119836 0.527397
-0.120773 0.529680
-0.121598 0.531963
-0.122302 0.534247
-0.122915 0.536530
-0.123344 0.538813
-0.123731 0.541096
-0.123862 0.543379
-0.123992 0.545662
-0.123825 0.547945
-0.123729 0.550228
-0.123337 0.552511
-0.122943 0.554795
-0.122306 0.557078
-0.121737 0.559361
-0.120755 0.561644
-0.119434 0.563927
-0.117705 0.566210
-0.115868 0.568493
-0.113195 0.570776
-0.110035 0.573059
-0.106553 0.575342
-0.103293 0.577626
-0.099797 0.579909
-0.096204 0.582192
-0.093455 0.584475
-0.091030 0.586758
-0.089266 0.589041
-0.086815 0.591324
-0.085543 0.593607
-0.083754 0.595890
-0.082505 0.598174
-0.079941 0.600457
-0.078468 0.602740
-0.076254 0.605023
-0.074567 0.607306
-0.071433 0.609589
-0.069494 0.611872
-0.066849 0.614155
-0.064704 0.616438
-0.061009 0.618721
-0.058594 0.621005
-0.055580 0.623288
-0.052986 0.625571
-0.048688 0.627854
-0.045798 0.630137
-0.042568 0.632420
-0.039543 0.634703
-0.034543 0.636986
-0.031184 0.639269
-0.027908 0.641553
-0.024460 0.643836
-0.018667 0.646119
-0.014826 0.648402
-0.011700 0.650685
-0.007846 0.652968
-0.001112 0.655251
0.003202 0.657534
0.005883 0.659817
0.010118 0.662100
0.017924 0.664384
0.022645 0.666667
0.024668 0.668950
0.029250 0.671233
0.038041 0.673516
0.043070 0.675799
0.044431 0.678082
0.049314 0.680365
0.058787 0.682648
0.063995 0.684932
0.064885 0.687215
0.070017 0.689498
0.079655 0.691781
0.084917 0.694064
0.085724 0.696347
0.091015 0.698630
0.100179 0.700913
0.105409 0.703196
0.106501 0.705479
0.111819 0.707763
0.120054 0.710046
0.125176 0.712329
0.126658 0.714612
0.131869 0.716895
0.138993 0.719178
0.143930 0.721461
0.145721 0.723744
0.150699 0.726027
0.156670 0.728311
0.161350 0.730594
0.163280 0.732877
0.167918 0.735160
0.172808 0.737443
0.177143 0.739726
0.178990 0.742009
0.183219 0.744292
0.187133 0.746575
0.191045 0.748858
0.192651 0.751142
0.196407 0.753425
0.199420 0.755708
0.202868 0.757991
0.204153 0.760274
0.207398 0.762557
0.209612 0.764840
0.212568 0.767123
0.213487 0.769406
0.216239 0.771689
0.217811 0.773973
0.220286 0.776256
0.220901 0.778539
0.223205 0.780822
0.224245 0.783105
0.226311 0.785388
0.226738 0.787671
0.228638 0.789954
0.229230 0.792237
0.230922 0.794521
0.231125 0.796804
0.232649 0.799087
0.232828 0.801370
0.234135 0.803653
0.234049 0.805936
0.235200 0.808219
0.235010 0.810502
0.235999 0.812785
0.235697 0.815068
0.236552 0.817352
0.236186 0.819635
0.236958 0.821918
0.236556 0.824201
0.237241 0.826484
0.236831 0.828767
0.237420 0.831050
0.236952 0.833333
0.237461 0.835616
0.236931 0.837900
0.237327 0.840183
0.236731 0.842466
0.237005 0.844749
0.236316 0.847032
0.236511 0.849315
0.235766 0.851598
0.235882 0.853881
0.235128 0.856164
0.235200 0.858447
0.234449 0.860731
0.234537 0.863014
0.233846 0.865297
0.233958 0.867580
0.233372 0.869863
0.233533 0.872146
0.233057 0.874429
0.233311 0.876712
0.232987 0.878995
0.233318 0.881279
0.233181 0.883562
0.233607 0.885845
0.233659 0.888128
0.234217 0.890411
0.234510 0.892694
0.235200 0.894977
0.235784 0.897260
0.236650 0.899543
0.237546 0.901826
0.238649 0.904110
0.239917 0.906393
0.241274 0.908676
0.242948 0.910959
0.244606 0.913242
0.246681 0.915525
0.248678 0.917808
0.251180 0.920091
0.253527 0.922374
0.256474 0.924658
0.259235 0.926941
0.262648 0.929224
0.265894 0.931507
0.269824 0.933790
0.273577 0.936073
0.278015 0.938356
0.282252 0.940639
0.287092 0.942922
0.291675 0.945205
0.296765 0.947489
0.301483 0.949772
0.306629 0.952055
0.311305 0.954338
0.316275 0.956621
0.320684 0.958904
0.325017 0.961187
0.328728 0.963470
0.331627 0.965753
0.334060 0.968037
0.334962 0.970320
0.335824 0.972603
0.335038 0.974886
0.334565 0.977169
0.332717 0.979452
0.331686 0.981735
0.333091 0.984018
0.346551 0.986301
0.394202 0.988584
0.507000 0.990868
0.703924 0.993151
0.909281 0.995434
