title="d2z6      Re=38000     iterations=40001 "
 zone t="d2z6"variables=u/U,Y
0.000002 0.000000
0.000218 0.002283
-0.000666 0.004566
-0.003794 0.006849
-0.008449 0.009132
-0.013607 0.011416
-0.018996 0.013699
-0.024198 0.015982
-0.029198 0.018265
-0.033910 0.020548
-0.038281 0.022831
-0.042404 0.025114
-0.046154 0.027397
-0.049725 0.029680
-0.052942 0.031963
-0.056053 0.034247
-0.058853 0.036530
-0.061622 0.038813
-0.064124 0.041096
-0.066689 0.043379
-0.068995 0.045662
-0.071510 0.047945
-0.073686 0.050228
-0.076306 0.052511
-0.078349 0.054795
-0.081197 0.057078
-0.082998 0.059361
-0.086101 0.061644
-0.087437 0.063927
-0.090653 0.066210
-0.091237 0.068493
-0.094245 0.070776
-0.093840 0.073059
-0.096236 0.075342
-0.094784 0.077626
-0.096253 0.079909
-0.093933 0.082192
-0.094383 0.084475
-0.091532 0.086758
-0.091086 0.089041
-0.088072 0.091324
-0.086978 0.093607
-0.084092 0.095890
-0.082617 0.098174
-0.080036 0.100457
-0.078406 0.102740
-0.076206 0.105023
-0.074581 0.107306
-0.072767 0.109589
-0.071247 0.111872
-0.069784 0.114155
-0.068423 0.116438
-0.067259 0.118721
-0.066079 0.121005
-0.065159 0.123288
-0.064162 0.125571
-0.063433 0.127854
-0.062609 0.130137
-0.062026 0.132420
-0.061360 0.134703
-0.060885 0.136986
-0.060359 0.139269
-0.059960 0.141553
-0.059556 0.143836
-0.059207 0.146119
-0.058906 0.148402
-0.058588 0.150685
-0.058374 0.152968
-0.058071 0.155251
-0.057929 0.157534
-0.057628 0.159817
-0.057544 0.162100
-0.057237 0.164384
-0.057198 0.166667
-0.056877 0.168950
-0.056874 0.171233
-0.056534 0.173516
-0.056557 0.175799
-0.056194 0.178082
-0.056236 0.180365
-0.055849 0.182648
-0.055904 0.184932
-0.055489 0.187215
-0.055551 0.189498
-0.055108 0.191781
-0.055172 0.194064
-0.054702 0.196347
-0.054765 0.198630
-0.054266 0.200913
-0.054324 0.203196
-0.053798 0.205479
-0.053847 0.207763
-0.053294 0.210046
-0.053334 0.212329
-0.052753 0.214612
-0.052781 0.216895
-0.052173 0.219178
-0.052187 0.221461
-0.051552 0.223744
-0.051551 0.226027
-0.050888 0.228311
-0.050871 0.230594
-0.050182 0.232877
-0.050144 0.235160
-0.049428 0.237443
-0.049371 0.239726
-0.048628 0.242009
-0.048549 0.244292
-0.047779 0.246575
-0.047676 0.248858
-0.046879 0.251142
-0.046751 0.253425
-0.045927 0.255708
-0.045772 0.257991
-0.044921 0.260274
-0.044736 0.262557
-0.043858 0.264840
-0.043644 0.267123
-0.042739 0.269406
-0.042492 0.271689
-0.041561 0.273973
-0.041278 0.276256
-0.040323 0.278539
-0.040004 0.280822
-0.039024 0.283105
-0.038668 0.285388
-0.037664 0.287671
-0.037267 0.289954
-0.036241 0.292237
-0.035804 0.294521
-0.034757 0.296804
-0.034278 0.299087
-0.033213 0.301370
-0.032689 0.303653
-0.031608 0.305936
-0.031039 0.308219
-0.029944 0.310502
-0.029332 0.312785
-0.028225 0.315068
-0.027566 0.317352
-0.026452 0.319635
-0.025748 0.321918
-0.024628 0.324201
-0.023882 0.326484
-0.022761 0.328767
-0.021968 0.331050
-0.020851 0.333333
-0.020016 0.335616
-0.018904 0.337900
-0.018030 0.340183
-0.016928 0.342466
-0.016013 0.344749
-0.014927 0.347032
-0.013975 0.349315
-0.012905 0.351598
-0.011922 0.353881
-0.010874 0.356164
-0.009857 0.358447
-0.008835 0.360731
-0.007790 0.363014
-0.006796 0.365297
-0.005730 0.367580
-0.004767 0.369863
-0.003678 0.372146
-0.002751 0.374429
-0.001643 0.376712
-0.000753 0.378995
0.000366 0.381279
0.001217 0.383562
0.002347 0.385845
0.003155 0.388128
0.004295 0.390411
0.005060 0.392694
0.006198 0.394977
0.006920 0.397260
0.008060 0.399543
0.008734 0.401826
0.009873 0.404110
0.010500 0.406393
0.011629 0.408676
0.012211 0.410959
0.013332 0.413242
0.013864 0.415525
0.014976 0.417808
0.015460 0.420091
0.016554 0.422374
0.016993 0.424658
0.018071 0.426941
0.018460 0.429224
0.019524 0.431507
0.019866 0.433790
0.020904 0.436073
0.021202 0.438356
0.022219 0.440639
0.022469 0.442922
0.023468 0.445205
0.023672 0.447489
0.024640 0.449772
0.024803 0.452055
0.025746 0.454338
0.025863 0.456621
0.026783 0.458904
0.026857 0.461187
0.027744 0.463470
0.027779 0.465753
0.028637 0.468037
0.028630 0.470320
0.029463 0.472603
0.029414 0.474886
0.030212 0.477169
0.030126 0.479452
0.030893 0.481735
0.030767 0.484018
0.031507 0.486301
0.031342 0.488584
0.032044 0.490868
0.031844 0.493151
0.032514 0.495434
0.032276 0.497717
0.032916 0.500000
0.032641 0.502283
0.033240 0.504566
0.032931 0.506849
0.033497 0.509132
0.033151 0.511416
0.033685 0.513699
0.033302 0.515982
0.033792 0.518265
0.033377 0.520548
0.033831 0.522831
0.033379 0.525114
0.033798 0.527397
0.033311 0.529680
0.033681 0.531963
0.033161 0.534247
0.033494 0.536530
0.032938 0.538813
0.033230 0.541096
0.032640 0.543379
0.032879 0.545662
0.032255 0.547945
0.032453 0.550228
0.031795 0.552511
0.031945 0.554795
0.031254 0.557078
0.031346 0.559361
0.030622 0.561644
0.030666 0.563927
0.029909 0.566210
0.029897 0.568493
0.029110 0.570776
0.029032 0.573059
0.028214 0.575342
0.028081 0.577626
0.027234 0.579909
0.027035 0.582192
0.026163 0.584475
0.025888 0.586758
0.024991 0.589041
0.024654 0.591324
0.023737 0.593607
0.023321 0.595890
0.022390 0.598174
0.021890 0.600457
0.020944 0.602740
0.020366 0.605023
0.019408 0.607306
0.018717 0.609589
0.017741 0.611872
0.016895 0.614155
0.015872 0.616438
0.014800 0.618721
0.013694 0.621005
0.012254 0.623288
0.011022 0.625571
0.009117 0.627854
0.007738 0.630137
0.005308 0.632420
0.003818 0.634703
0.001022 0.636986
-0.000464 0.639269
-0.003489 0.641553
-0.004855 0.643836
-0.007633 0.646119
-0.008773 0.648402
-0.011389 0.650685
-0.012256 0.652968
-0.014403 0.655251
-0.015011 0.657534
-0.017043 0.659817
-0.017391 0.662100
-0.019108 0.664384
-0.019193 0.666667
-0.020835 0.668950
-0.020642 0.671233
-0.021976 0.673516
-0.021502 0.675799
-0.022687 0.678082
-0.021904 0.680365
-0.022786 0.682648
-0.021696 0.684932
-0.022348 0.687215
-0.020947 0.689498
-0.021289 0.691781
-0.019560 0.694064
-0.019603 0.696347
-0.017578 0.698630
-0.017213 0.700913
-0.014923 0.703196
-0.014206 0.705479
-0.011687 0.707763
-0.010527 0.710046
-0.007854 0.712329
-0.006306 0.714612
-0.003571 0.716895
-0.001637 0.719178
0.001103 0.721461
0.003326 0.723744
0.005960 0.726027
0.008488 0.728311
0.010933 0.730594
0.013572 0.732877
0.015781 0.735160
0.018550 0.737443
0.020463 0.739726
0.023203 0.742009
0.024785 0.744292
0.027482 0.746575
0.028766 0.748858
0.031281 0.751142
0.032265 0.753425
0.034679 0.755708
0.035387 0.757991
0.037537 0.760274
0.038040 0.762557
0.040034 0.764840
0.040346 0.767123
0.042117 0.769406
0.042269 0.771689
0.043864 0.773973
0.043914 0.776256
0.045300 0.778539
0.045251 0.780822
0.046515 0.783105
0.046372 0.785388
0.047436 0.787671
0.047235 0.789954
0.048165 0.792237
0.047866 0.794521
0.048657 0.796804
0.048238 0.799087
0.048865 0.801370
0.048334 0.803653
0.048806 0.805936
0.048128 0.808219
0.048476 0.810502
0.047647 0.812785
0.047824 0.815068
0.046893 0.817352
0.046944 0.819635
0.045907 0.821918
0.045859 0.824201
0.044734 0.826484
0.044557 0.828767
0.043387 0.831050
0.043112 0.833333
0.041868 0.835616
0.041521 0.837900
0.040205 0.840183
0.039747 0.842466
0.038411 0.844749
0.037896 0.847032
0.036552 0.849315
0.036037 0.851598
0.034751 0.853881
0.034236 0.856164
0.033104 0.858447
0.032658 0.860731
0.031689 0.863014
0.031349 0.865297
0.030548 0.867580
0.030264 0.869863
0.029641 0.872146
0.029426 0.874429
0.028907 0.876712
0.028757 0.878995
0.028307 0.881279
0.028156 0.883562
0.027781 0.885845
0.027647 0.888128
0.027295 0.890411
0.027191 0.892694
0.026857 0.894977
0.026733 0.897260
0.026444 0.899543
0.026329 0.901826
0.026047 0.904110
0.025959 0.906393
0.025688 0.908676
0.025582 0.910959
0.025350 0.913242
0.025254 0.915525
0.025025 0.917808
0.024957 0.920091
0.024737 0.922374
0.024654 0.924658
0.024470 0.926941
0.024397 0.929224
0.024213 0.931507
0.024168 0.933790
0.023992 0.936073
0.023934 0.938356
0.023790 0.940639
0.023743 0.942922
0.023597 0.945205
0.023577 0.947489
0.023440 0.949772
0.023411 0.952055
0.023304 0.954338
0.023292 0.956621
0.023198 0.958904
0.023250 0.961187
0.023239 0.963470
0.023450 0.965753
0.023798 0.968037
0.024710 0.970320
0.026369 0.972603
0.029881 0.974886
0.036232 0.977169
0.048439 0.979452
0.070024 0.981735
0.108996 0.984018
0.174848 0.986301
0.284779 0.988584
0.452403 0.990868
0.679949 0.993151
0.902217 0.995434
