title="d2z6      Re=38000     iterations=20001 "
 zone t="d2z6"variables=u/U,Y
-0.000002 0.000000
-0.000972 0.002283
-0.002528 0.004566
-0.003478 0.006849
-0.004084 0.009132
-0.004519 0.011416
-0.004869 0.013699
-0.005161 0.015982
-0.005420 0.018265
-0.005637 0.020548
-0.005826 0.022831
-0.005977 0.025114
-0.006105 0.027397
-0.006200 0.029680
-0.006281 0.031963
-0.006337 0.034247
-0.006387 0.036530
-0.006418 0.038813
-0.006450 0.041096
-0.006467 0.043379
-0.006488 0.045662
-0.006498 0.047945
-0.006516 0.050228
-0.006523 0.052511
-0.006538 0.054795
-0.006544 0.057078
-0.006560 0.059361
-0.006566 0.061644
-0.006582 0.063927
-0.006589 0.066210
-0.006606 0.068493
-0.006614 0.070776
-0.006631 0.073059
-0.006640 0.075342
-0.006659 0.077626
-0.006669 0.079909
-0.006689 0.082192
-0.006699 0.084475
-0.006720 0.086758
-0.006732 0.089041
-0.006755 0.091324
-0.006766 0.093607
-0.006791 0.095890
-0.006803 0.098174
-0.006829 0.100457
-0.006843 0.102740
-0.006870 0.105023
-0.006884 0.107306
-0.006913 0.109589
-0.006928 0.111872
-0.006958 0.114155
-0.006974 0.116438
-0.007006 0.118721
-0.007023 0.121005
-0.007056 0.123288
-0.007074 0.125571
-0.007109 0.127854
-0.007129 0.130137
-0.007165 0.132420
-0.007185 0.134703
-0.007224 0.136986
-0.007245 0.139269
-0.007285 0.141553
-0.007308 0.143836
-0.007350 0.146119
-0.007374 0.148402
-0.007418 0.150685
-0.007442 0.152968
-0.007488 0.155251
-0.007515 0.157534
-0.007563 0.159817
-0.007591 0.162100
-0.007642 0.164384
-0.007670 0.166667
-0.007723 0.168950
-0.007754 0.171233
-0.007809 0.173516
-0.007841 0.175799
-0.007900 0.178082
-0.007932 0.180365
-0.007993 0.182648
-0.008029 0.184932
-0.008093 0.187215
-0.008130 0.189498
-0.008197 0.191781
-0.008236 0.194064
-0.008306 0.196347
-0.008348 0.198630
-0.008422 0.200913
-0.008465 0.203196
-0.008542 0.205479
-0.008587 0.207763
-0.008668 0.210046
-0.008717 0.212329
-0.008802 0.214612
-0.008853 0.216895
-0.008943 0.219178
-0.008996 0.221461
-0.009090 0.223744
-0.009148 0.226027
-0.009246 0.228311
-0.009307 0.230594
-0.009411 0.232877
-0.009474 0.235160
-0.009583 0.237443
-0.009652 0.239726
-0.009766 0.242009
-0.009839 0.244292
-0.009959 0.246575
-0.010036 0.248858
-0.010162 0.251142
-0.010246 0.253425
-0.010379 0.255708
-0.010467 0.257991
-0.010607 0.260274
-0.010700 0.262557
-0.010847 0.264840
-0.010950 0.267123
-0.011104 0.269406
-0.011213 0.271689
-0.011375 0.273973
-0.011490 0.276256
-0.011662 0.278539
-0.011788 0.280822
-0.011968 0.283105
-0.012102 0.285388
-0.012292 0.287671
-0.012435 0.289954
-0.012634 0.292237
-0.012791 0.294521
-0.013001 0.296804
-0.013169 0.299087
-0.013389 0.301370
-0.013569 0.303653
-0.013800 0.305936
-0.013998 0.308219
-0.014241 0.310502
-0.014452 0.312785
-0.014707 0.315068
-0.014935 0.317352
-0.015201 0.319635
-0.015451 0.321918
-0.015730 0.324201
-0.015999 0.326484
-0.016290 0.328767
-0.016580 0.331050
-0.016884 0.333333
-0.017201 0.335616
-0.017518 0.337900
-0.017859 0.340183
-0.018188 0.342466
-0.018555 0.344749
-0.018896 0.347032
-0.019298 0.349315
-0.019649 0.351598
-0.020082 0.353881
-0.020443 0.356164
-0.020908 0.358447
-0.021277 0.360731
-0.021784 0.363014
-0.022159 0.365297
-0.022704 0.367580
-0.023081 0.369863
-0.023666 0.372146
-0.024043 0.374429
-0.024675 0.376712
-0.025047 0.378995
-0.025722 0.381279
-0.026085 0.383562
-0.026803 0.385845
-0.027149 0.388128
-0.027918 0.390411
-0.028240 0.392694
-0.029051 0.394977
-0.029339 0.397260
-0.030192 0.399543
-0.030437 0.401826
-0.031331 0.404110
-0.031519 0.406393
-0.032447 0.408676
-0.032563 0.410959
-0.033510 0.413242
-0.033539 0.415525
-0.034508 0.417808
-0.034432 0.420091
-0.035394 0.422374
-0.035193 0.424658
-0.036134 0.426941
-0.035789 0.429224
-0.036690 0.431507
-0.036182 0.433790
-0.037010 0.436073
-0.036320 0.438356
-0.037040 0.440639
-0.036153 0.442922
-0.036742 0.445205
-0.035647 0.447489
-0.036056 0.449772
-0.034753 0.452055
-0.034945 0.454338
-0.033440 0.456621
-0.033390 0.458904
-0.031701 0.461187
-0.031374 0.463470
-0.029533 0.465753
-0.028907 0.468037
-0.026960 0.470320
-0.026042 0.472603
-0.024045 0.474886
-0.022837 0.477169
-0.020857 0.479452
-0.019382 0.481735
-0.017491 0.484018
-0.015808 0.486301
-0.014075 0.488584
-0.012232 0.490868
-0.010722 0.493151
-0.008786 0.495434
-0.007552 0.497717
-0.005608 0.500000
-0.004685 0.502283
-0.002801 0.504566
-0.002209 0.506849
-0.000441 0.509132
-0.000184 0.511416
0.001395 0.513699
0.001334 0.515982
0.002691 0.518265
0.002341 0.520548
0.003454 0.522831
0.002849 0.525114
0.003692 0.527397
0.002878 0.529680
0.003452 0.531963
0.002475 0.534247
0.002803 0.536530
0.001703 0.538813
0.001778 0.541096
0.000601 0.543379
0.000457 0.545662
-0.000759 0.547945
-0.001096 0.550228
-0.002323 0.552511
-0.002836 0.554795
-0.004040 0.557078
-0.004711 0.559361
-0.005869 0.561644
-0.006643 0.563927
-0.007737 0.566210
-0.008631 0.568493
-0.009638 0.570776
-0.010603 0.573059
-0.011510 0.575342
-0.012526 0.577626
-0.013324 0.579909
-0.014377 0.582192
-0.015052 0.584475
-0.016133 0.586758
-0.016675 0.589041
-0.017729 0.591324
-0.018143 0.593607
-0.019189 0.595890
-0.019463 0.598174
-0.020472 0.600457
-0.020605 0.602740
-0.021546 0.605023
-0.021547 0.607306
-0.022424 0.609589
-0.022289 0.611872
-0.023098 0.614155
-0.022830 0.616438
-0.023526 0.618721
-0.023143 0.621005
-0.023747 0.623288
-0.023250 0.625571
-0.023761 0.627854
-0.023157 0.630137
-0.023537 0.632420
-0.022851 0.634703
-0.023122 0.636986
-0.022358 0.639269
-0.022537 0.641553
-0.021704 0.643836
-0.021752 0.646119
-0.020879 0.648402
-0.020823 0.650685
-0.019913 0.652968
-0.019784 0.655251
-0.018846 0.657534
-0.018605 0.659817
-0.017668 0.662100
-0.017344 0.664384
-0.016406 0.666667
-0.016038 0.668950
-0.015107 0.671233
-0.014658 0.673516
-0.013757 0.675799
-0.013250 0.678082
-0.012374 0.680365
-0.011856 0.682648
-0.011005 0.684932
-0.010437 0.687215
-0.009632 0.689498
-0.009027 0.691781
-0.008260 0.694064
-0.007669 0.696347
-0.006934 0.698630
-0.006317 0.700913
-0.005633 0.703196
-0.004994 0.705479
-0.004348 0.707763
-0.003740 0.710046
-0.003126 0.712329
-0.002507 0.714612
-0.001940 0.716895
-0.001306 0.719178
-0.000773 0.721461
-0.000180 0.723744
0.000326 0.726027
0.000923 0.728311
0.001387 0.730594
0.001996 0.732877
0.002432 0.735160
0.002998 0.737443
0.003412 0.739726
0.003976 0.742009
0.004355 0.744292
0.004934 0.746575
0.005290 0.748858
0.005824 0.751142
0.006163 0.753425
0.006694 0.755708
0.007001 0.757991
0.007550 0.760274
0.007840 0.762557
0.008345 0.764840
0.008619 0.767123
0.009122 0.769406
0.009367 0.771689
0.009890 0.773973
0.010121 0.776256
0.010603 0.778539
0.010819 0.780822
0.011299 0.783105
0.011488 0.785388
0.011990 0.787671
0.012168 0.789954
0.012629 0.792237
0.012792 0.794521
0.013252 0.796804
0.013391 0.799087
0.013874 0.801370
0.014003 0.803653
0.014447 0.805936
0.014559 0.808219
0.015003 0.810502
0.015094 0.812785
0.015560 0.815068
0.015644 0.817352
0.016071 0.819635
0.016137 0.821918
0.016565 0.824201
0.016611 0.826484
0.017060 0.828767
0.017103 0.831050
0.017512 0.833333
0.017535 0.835616
0.017947 0.837900
0.017952 0.840183
0.018384 0.842466
0.018388 0.844749
0.018780 0.847032
0.018762 0.849315
0.019158 0.851598
0.019125 0.853881
0.019539 0.856164
0.019507 0.858447
0.019881 0.860731
0.019826 0.863014
0.020206 0.865297
0.020138 0.867580
0.020533 0.869863
0.020468 0.872146
0.020824 0.874429
0.020735 0.876712
0.021097 0.878995
0.020998 0.881279
0.021374 0.883562
0.021279 0.885845
0.021616 0.888128
0.021496 0.890411
0.021841 0.892694
0.021714 0.894977
0.022070 0.897260
0.021947 0.899543
0.022266 0.901826
0.022118 0.904110
0.022445 0.906393
0.022293 0.908676
0.022629 0.910959
0.022482 0.913242
0.022781 0.915525
0.022608 0.917808
0.022918 0.920091
0.022743 0.922374
0.023059 0.924658
0.022889 0.926941
0.023170 0.929224
0.022974 0.931507
0.023266 0.933790
0.023071 0.936073
0.023366 0.938356
0.023176 0.940639
0.023438 0.942922
0.023223 0.945205
0.023495 0.947489
0.023283 0.949772
0.023559 0.952055
0.023352 0.954338
0.023602 0.956621
0.023384 0.958904
0.023672 0.961187
0.023522 0.963470
0.023946 0.965753
0.024081 0.968037
0.025064 0.970320
0.026344 0.972603
0.029649 0.974886
0.035314 0.977169
0.046868 0.979452
0.067335 0.981735
0.105135 0.984018
0.169616 0.986301
0.278302 0.988584
0.445156 0.990868
0.673486 0.993151
0.899439 0.995434
