title="d2z6      Re=38000     iterations=210001 "
 zone t="d2z6"variables=X,v/U
0.001370 0.000000
0.004110 0.011972
0.006849 0.061010
0.009589 0.108024
0.012329 0.147900
0.015068 0.179555
0.017808 0.202994
0.020548 0.221634
0.023288 0.237638
0.026027 0.251392
0.028767 0.264283
0.031507 0.276182
0.034247 0.286100
0.036986 0.294134
0.039726 0.299637
0.042466 0.302053
0.045205 0.302239
0.047945 0.300703
0.050685 0.297879
0.053425 0.294840
0.056164 0.291891
0.058904 0.288987
0.061644 0.286507
0.064384 0.284277
0.067123 0.282014
0.069863 0.279934
0.072603 0.277887
0.075342 0.275739
0.078082 0.273752
0.080822 0.271858
0.083562 0.270009
0.086301 0.268405
0.089041 0.266934
0.091781 0.265530
0.094521 0.264274
0.097260 0.263035
0.100000 0.261774
0.102740 0.260550
0.105479 0.259302
0.108219 0.258077
0.110959 0.256922
0.113699 0.255850
0.116438 0.254903
0.119178 0.254095
0.121918 0.253419
0.124658 0.252930
0.127397 0.252510
0.130137 0.252279
0.132877 0.252112
0.135616 0.252070
0.138356 0.252046
0.141096 0.252226
0.143836 0.252249
0.146575 0.252561
0.149315 0.252687
0.152055 0.253037
0.154795 0.253197
0.157534 0.253659
0.160274 0.253771
0.163014 0.254284
0.165753 0.254454
0.168493 0.254916
0.171233 0.255122
0.173973 0.255611
0.176712 0.255769
0.179452 0.256250
0.182192 0.256431
0.184932 0.256805
0.187671 0.256964
0.190411 0.257280
0.193151 0.257298
0.195890 0.257506
0.198630 0.257399
0.201370 0.257382
0.204110 0.257082
0.206849 0.256847
0.209589 0.256236
0.212329 0.255723
0.215068 0.254802
0.217808 0.253920
0.220548 0.252644
0.223288 0.251412
0.226027 0.249716
0.228767 0.248124
0.231507 0.246041
0.234247 0.244056
0.236986 0.241592
0.239726 0.239258
0.242466 0.236390
0.245205 0.233719
0.247945 0.230487
0.250685 0.227461
0.253425 0.223876
0.256164 0.220534
0.258904 0.216585
0.261644 0.212943
0.264384 0.208666
0.267123 0.204720
0.269863 0.200133
0.272603 0.195920
0.275342 0.191015
0.278082 0.186552
0.280822 0.181351
0.283562 0.176634
0.286301 0.171147
0.289041 0.166204
0.291781 0.160421
0.294521 0.155275
0.297260 0.149219
0.300000 0.143880
0.302740 0.137578
0.305479 0.132091
0.308219 0.125557
0.310959 0.119968
0.313699 0.113249
0.316438 0.107590
0.319178 0.100738
0.321918 0.095068
0.324658 0.088119
0.327397 0.082493
0.330137 0.075509
0.332877 0.069963
0.335616 0.063001
0.338356 0.057587
0.341096 0.050685
0.343836 0.045445
0.346575 0.038659
0.349315 0.033612
0.352055 0.026986
0.354795 0.022163
0.357534 0.015722
0.360274 0.011146
0.363014 0.004930
0.365753 0.000604
0.368493 -0.005353
0.371233 -0.009406
0.373973 -0.015087
0.376712 -0.018852
0.379452 -0.024217
0.382192 -0.027688
0.384932 -0.032711
0.387671 -0.035864
0.390411 -0.040527
0.393151 -0.043349
0.395890 -0.047623
0.398630 -0.050112
0.401370 -0.053986
0.404110 -0.056130
0.406849 -0.059605
0.409589 -0.061412
0.412329 -0.064486
0.415068 -0.065972
0.417808 -0.068664
0.420548 -0.069841
0.423288 -0.072172
0.426027 -0.073066
0.428767 -0.075055
0.431507 -0.075692
0.434247 -0.077370
0.436986 -0.077771
0.439726 -0.079171
0.442466 -0.079369
0.445205 -0.080515
0.447945 -0.080539
0.450685 -0.081463
0.453425 -0.081327
0.456164 -0.082053
0.458904 -0.081781
0.461644 -0.082323
0.464384 -0.081936
0.467123 -0.082326
0.469863 -0.081840
0.472603 -0.082111
0.475342 -0.081563
0.478082 -0.081741
0.480822 -0.081169
0.483562 -0.081297
0.486301 -0.080727
0.489041 -0.080841
0.491781 -0.080316
0.494521 -0.080436
0.497260 -0.079984
0.500000 -0.080137
0.502740 -0.079766
0.505479 -0.079964
0.508219 -0.079686
0.510959 -0.079920
0.513699 -0.079723
0.516438 -0.079994
0.519178 -0.079841
0.521918 -0.080136
0.524658 -0.080002
0.527397 -0.080295
0.530137 -0.080147
0.532877 -0.080441
0.535616 -0.080251
0.538356 -0.080550
0.541096 -0.080338
0.543836 -0.080647
0.546575 -0.080447
0.549315 -0.080804
0.552055 -0.080645
0.554795 -0.081082
0.557534 -0.081017
0.560274 -0.081536
0.563014 -0.081592
0.565753 -0.082210
0.568493 -0.082374
0.571233 -0.083079
0.573973 -0.083344
0.576712 -0.084091
0.579452 -0.084424
0.582192 -0.085192
0.584932 -0.085535
0.587671 -0.086298
0.590411 -0.086633
0.593151 -0.087362
0.595890 -0.087680
0.598630 -0.088399
0.601370 -0.088695
0.604110 -0.089431
0.606849 -0.089744
0.609589 -0.090507
0.612329 -0.090866
0.615068 -0.091691
0.617808 -0.092093
0.620548 -0.092987
0.623288 -0.093451
0.626027 -0.094383
0.628767 -0.094902
0.631507 -0.095870
0.634247 -0.096409
0.636986 -0.097393
0.639726 -0.097953
0.642466 -0.098911
0.645205 -0.099479
0.647945 -0.100409
0.650685 -0.100947
0.653425 -0.101841
0.656164 -0.102363
0.658904 -0.103196
0.661644 -0.103715
0.664384 -0.104529
0.667123 -0.105052
0.669863 -0.105891
0.672603 -0.106487
0.675342 -0.107371
0.678082 -0.108087
0.680822 -0.109065
0.683562 -0.109887
0.686301 -0.110968
0.689041 -0.111908
0.691781 -0.113047
0.694521 -0.114100
0.697260 -0.115309
0.700000 -0.116425
0.702740 -0.117696
0.705479 -0.118867
0.708219 -0.120119
0.710959 -0.121294
0.713699 -0.122480
0.716438 -0.123543
0.719178 -0.124608
0.721918 -0.125512
0.724658 -0.126363
0.727397 -0.127081
0.730137 -0.127690
0.732877 -0.128137
0.735616 -0.128477
0.738356 -0.128600
0.741096 -0.128575
0.743836 -0.128339
0.746575 -0.127894
0.749315 -0.127231
0.752055 -0.126375
0.754795 -0.125278
0.757534 -0.124025
0.760274 -0.122578
0.763014 -0.120981
0.765753 -0.119272
0.768493 -0.117468
0.771233 -0.115578
0.773973 -0.113695
0.776712 -0.111771
0.779452 -0.109878
0.782192 -0.108051
0.784932 -0.106277
0.787671 -0.104595
0.790411 -0.103092
0.793151 -0.101711
0.795890 -0.100555
0.798630 -0.099674
0.801370 -0.099027
0.804110 -0.098651
0.806849 -0.098574
0.809589 -0.098648
0.812329 -0.098889
0.815068 -0.099273
0.817808 -0.099682
0.820548 -0.100141
0.823288 -0.100724
0.826027 -0.101331
0.828767 -0.102076
0.831507 -0.103033
0.834247 -0.104175
0.836986 -0.105488
0.839726 -0.107316
0.842466 -0.109082
0.845205 -0.111654
0.847945 -0.113948
0.850685 -0.117344
0.853425 -0.120092
0.856164 -0.124216
0.858904 -0.127547
0.861644 -0.132040
0.864384 -0.136004
0.867123 -0.140734
0.869863 -0.145099
0.872603 -0.149971
0.875342 -0.154629
0.878082 -0.159430
0.880822 -0.164215
0.883562 -0.168967
0.886301 -0.173612
0.889041 -0.178292
0.891781 -0.182868
0.894521 -0.187369
0.897260 -0.191941
0.900000 -0.196467
0.902740 -0.200939
0.905479 -0.205462
0.908219 -0.209805
0.910959 -0.213831
0.913699 -0.217579
0.916438 -0.220795
0.919178 -0.223443
0.921918 -0.225781
0.924658 -0.227808
0.927397 -0.229691
0.930137 -0.231749
0.932877 -0.233768
0.935616 -0.235426
0.938356 -0.236477
0.941096 -0.236283
0.943836 -0.234547
0.946575 -0.231591
0.949315 -0.227722
0.952055 -0.223778
0.954795 -0.221133
0.957534 -0.221162
0.960274 -0.225730
0.963014 -0.237129
0.965753 -0.257112
0.968493 -0.286014
0.971233 -0.322909
0.973973 -0.364057
0.976712 -0.401935
0.979452 -0.428903
0.982192 -0.435439
0.984932 -0.411387
0.987671 -0.354345
0.990411 -0.265972
0.993151 -0.158022
0.995890 -0.058011
0.998630 -0.000058
