title="d2z6      Re=38000     iterations=120001 "
 zone t="d2z6"variables=X,v/U
0.001370 0.000000
0.004110 0.003785
0.006849 0.013601
0.009589 0.017549
0.012329 0.021073
0.015068 0.025123
0.017808 0.028953
0.020548 0.032438
0.023288 0.035173
0.026027 0.036815
0.028767 0.037774
0.031507 0.038171
0.034247 0.037844
0.036986 0.037396
0.039726 0.036701
0.042466 0.035819
0.045205 0.034972
0.047945 0.034176
0.050685 0.033216
0.053425 0.032506
0.056164 0.031684
0.058904 0.030951
0.061644 0.030285
0.064384 0.029774
0.067123 0.029292
0.069863 0.029266
0.072603 0.029428
0.075342 0.030176
0.078082 0.031488
0.080822 0.033559
0.083562 0.036313
0.086301 0.040071
0.089041 0.044533
0.091781 0.049935
0.094521 0.056112
0.097260 0.063082
0.100000 0.070654
0.102740 0.078978
0.105479 0.087714
0.108219 0.096950
0.110959 0.106521
0.113699 0.116376
0.116438 0.126268
0.119178 0.136315
0.121918 0.146196
0.124658 0.155904
0.127397 0.165278
0.130137 0.174307
0.132877 0.182707
0.135616 0.190567
0.138356 0.197726
0.141096 0.204095
0.143836 0.209687
0.146575 0.214504
0.149315 0.218478
0.152055 0.221747
0.154795 0.224291
0.157534 0.226298
0.160274 0.227654
0.163014 0.228762
0.165753 0.229388
0.168493 0.229927
0.171233 0.230345
0.173973 0.230799
0.176712 0.231233
0.179452 0.231712
0.182192 0.231931
0.184932 0.231389
0.187671 0.229456
0.190411 0.226004
0.193151 0.221739
0.195890 0.217740
0.198630 0.214580
0.201370 0.212282
0.204110 0.210527
0.206849 0.208990
0.209589 0.207527
0.212329 0.206121
0.215068 0.204686
0.217808 0.203202
0.220548 0.201659
0.223288 0.200017
0.226027 0.198253
0.228767 0.196404
0.231507 0.194411
0.234247 0.192326
0.236986 0.190080
0.239726 0.187798
0.242466 0.185231
0.245205 0.182755
0.247945 0.179831
0.250685 0.177088
0.253425 0.173779
0.256164 0.170666
0.258904 0.166949
0.261644 0.163368
0.264384 0.159248
0.267123 0.155180
0.269863 0.150694
0.272603 0.146261
0.275342 0.141512
0.278082 0.136898
0.280822 0.132091
0.283562 0.127489
0.286301 0.122831
0.289041 0.118451
0.291781 0.114097
0.294521 0.110092
0.297260 0.106181
0.300000 0.102633
0.302740 0.099246
0.305479 0.096229
0.308219 0.093391
0.310959 0.090930
0.313699 0.088668
0.316438 0.086738
0.319178 0.085030
0.321918 0.083616
0.324658 0.082397
0.327397 0.081449
0.330137 0.080680
0.332877 0.080119
0.335616 0.079736
0.338356 0.079523
0.341096 0.079442
0.343836 0.079513
0.346575 0.079693
0.349315 0.079971
0.352055 0.080354
0.354795 0.080815
0.357534 0.081341
0.360274 0.081950
0.363014 0.082615
0.365753 0.083334
0.368493 0.084120
0.371233 0.084957
0.373973 0.085835
0.376712 0.086774
0.379452 0.087755
0.382192 0.088772
0.384932 0.089839
0.387671 0.090946
0.390411 0.092079
0.393151 0.093262
0.395890 0.094473
0.398630 0.095714
0.401370 0.096988
0.404110 0.098299
0.406849 0.099615
0.409589 0.100979
0.412329 0.102339
0.415068 0.103728
0.417808 0.105090
0.420548 0.106487
0.423288 0.107789
0.426027 0.109118
0.428767 0.110284
0.431507 0.111438
0.434247 0.112322
0.436986 0.113181
0.439726 0.113619
0.442466 0.114021
0.445205 0.113878
0.447945 0.113702
0.450685 0.112874
0.453425 0.112085
0.456164 0.110588
0.458904 0.109214
0.461644 0.107179
0.464384 0.105335
0.467123 0.102931
0.469863 0.100762
0.472603 0.098157
0.475342 0.095754
0.478082 0.093050
0.480822 0.090454
0.483562 0.087647
0.486301 0.084880
0.489041 0.081987
0.491781 0.079163
0.494521 0.076405
0.497260 0.073878
0.500000 0.071649
0.502740 0.069799
0.505479 0.068278
0.508219 0.067006
0.510959 0.065793
0.513699 0.064433
0.516438 0.062725
0.519178 0.060576
0.521918 0.058034
0.524658 0.055373
0.527397 0.052865
0.530137 0.050676
0.532877 0.048701
0.535616 0.046711
0.538356 0.044495
0.541096 0.042067
0.543836 0.039510
0.546575 0.036995
0.549315 0.034610
0.552055 0.032413
0.554795 0.030351
0.557534 0.028430
0.560274 0.026538
0.563014 0.024658
0.565753 0.022711
0.568493 0.020704
0.571233 0.018532
0.573973 0.016265
0.576712 0.013783
0.579452 0.011140
0.582192 0.008234
0.584932 0.005133
0.587671 0.001685
0.590411 -0.001992
0.593151 -0.006050
0.595890 -0.010374
0.598630 -0.015087
0.601370 -0.020042
0.604110 -0.025377
0.606849 -0.030908
0.609589 -0.036755
0.612329 -0.042757
0.615068 -0.049006
0.617808 -0.055345
0.620548 -0.061882
0.623288 -0.068458
0.626027 -0.075171
0.628767 -0.081899
0.631507 -0.088714
0.634247 -0.095511
0.636986 -0.102367
0.639726 -0.109180
0.642466 -0.116011
0.645205 -0.122790
0.647945 -0.129548
0.650685 -0.136229
0.653425 -0.142864
0.656164 -0.149388
0.658904 -0.155821
0.661644 -0.162118
0.664384 -0.168263
0.667123 -0.174220
0.669863 -0.179975
0.672603 -0.185469
0.675342 -0.190683
0.678082 -0.195576
0.680822 -0.200105
0.683562 -0.204236
0.686301 -0.207946
0.689041 -0.211188
0.691781 -0.213945
0.694521 -0.216207
0.697260 -0.217943
0.700000 -0.219150
0.702740 -0.219852
0.705479 -0.220033
0.708219 -0.219722
0.710959 -0.218977
0.713699 -0.217803
0.716438 -0.216255
0.719178 -0.214419
0.721918 -0.212296
0.724658 -0.209948
0.727397 -0.207456
0.730137 -0.204797
0.732877 -0.202016
0.735616 -0.199179
0.738356 -0.196222
0.741096 -0.193181
0.743836 -0.190108
0.746575 -0.186904
0.749315 -0.183618
0.752055 -0.180292
0.754795 -0.176812
0.757534 -0.173262
0.760274 -0.169677
0.763014 -0.165956
0.765753 -0.162222
0.768493 -0.158529
0.771233 -0.154777
0.773973 -0.151171
0.776712 -0.147720
0.779452 -0.144368
0.782192 -0.141308
0.784932 -0.138514
0.787671 -0.135862
0.790411 -0.133597
0.793151 -0.131458
0.795890 -0.129515
0.798630 -0.127711
0.801370 -0.126090
0.804110 -0.124312
0.806849 -0.122918
0.809589 -0.121275
0.812329 -0.119978
0.815068 -0.118629
0.817808 -0.117672
0.820548 -0.116567
0.823288 -0.116021
0.826027 -0.115231
0.828767 -0.114800
0.831507 -0.114247
0.834247 -0.113869
0.836986 -0.113297
0.839726 -0.112977
0.842466 -0.112446
0.845205 -0.112065
0.847945 -0.111688
0.850685 -0.111372
0.853425 -0.111058
0.856164 -0.110932
0.858904 -0.110768
0.861644 -0.110719
0.864384 -0.110787
0.867123 -0.110871
0.869863 -0.111016
0.872603 -0.111295
0.875342 -0.111550
0.878082 -0.111867
0.880822 -0.112295
0.883562 -0.112696
0.886301 -0.113145
0.889041 -0.113709
0.891781 -0.114241
0.894521 -0.114825
0.897260 -0.115531
0.900000 -0.116214
0.902740 -0.116959
0.905479 -0.117844
0.908219 -0.118722
0.910959 -0.119678
0.913699 -0.120800
0.916438 -0.121936
0.919178 -0.123167
0.921918 -0.124583
0.924658 -0.126024
0.927397 -0.127552
0.930137 -0.129253
0.932877 -0.130951
0.935616 -0.132681
0.938356 -0.134530
0.941096 -0.136336
0.943836 -0.138164
0.946575 -0.140253
0.949315 -0.142725
0.952055 -0.146124
0.954795 -0.151506
0.957534 -0.160082
0.960274 -0.173480
0.963014 -0.193687
0.965753 -0.221959
0.968493 -0.258338
0.971233 -0.301882
0.973973 -0.348899
0.976712 -0.392582
0.979452 -0.425485
0.982192 -0.438094
0.984932 -0.420710
0.987671 -0.370413
0.990411 -0.289288
0.993151 -0.186752
0.995890 -0.078215
0.998630 -0.000116
