title="d2z6      Re=37000     iterations=100001 "
 zone t="d2z6"variables=u/U,Y
-0.000031 0.000000
-0.013368 0.002283
-0.035184 0.004566
-0.055663 0.006849
-0.073510 0.009132
-0.098635 0.011416
-0.120152 0.013699
-0.150138 0.015982
-0.173405 0.018265
-0.204341 0.020548
-0.225584 0.022831
-0.251772 0.025114
-0.268027 0.027397
-0.287345 0.029680
-0.299231 0.031963
-0.313673 0.034247
-0.321825 0.036530
-0.329832 0.038813
-0.331902 0.041096
-0.329716 0.043379
-0.324845 0.045662
-0.313753 0.047945
-0.304612 0.050228
-0.289615 0.052511
-0.279166 0.054795
-0.263493 0.057078
-0.252431 0.059361
-0.235901 0.061644
-0.223706 0.063927
-0.205617 0.066210
-0.192416 0.068493
-0.173233 0.070776
-0.159661 0.073059
-0.140188 0.075342
-0.126691 0.077626
-0.107381 0.079909
-0.094126 0.082192
-0.075313 0.084475
-0.062606 0.086758
-0.045385 0.089041
-0.034464 0.091324
-0.021686 0.093607
-0.014874 0.095890
-0.009037 0.098174
-0.006893 0.100457
-0.006006 0.102740
-0.006163 0.105023
-0.006488 0.107306
-0.006953 0.109589
-0.006988 0.111872
-0.007271 0.114155
-0.006825 0.116438
-0.006860 0.118721
-0.006062 0.121005
-0.005852 0.123288
-0.004684 0.125571
-0.004268 0.127854
-0.003048 0.130137
-0.002519 0.132420
-0.001145 0.134703
-0.000561 0.136986
0.000563 0.139269
0.001121 0.141553
0.002259 0.143836
0.002748 0.146119
0.003458 0.148402
0.003832 0.150685
0.004467 0.152968
0.004691 0.155251
0.004848 0.157534
0.004905 0.159817
0.004919 0.162100
0.004783 0.164384
0.004356 0.166667
0.004027 0.168950
0.003421 0.171233
0.002889 0.173516
0.001936 0.175799
0.001225 0.178082
0.000161 0.180365
-0.000697 0.182648
-0.001902 0.184932
-0.002848 0.187215
-0.003922 0.189498
-0.004889 0.191781
-0.005845 0.194064
-0.006799 0.196347
-0.007444 0.198630
-0.008382 0.200913
-0.008890 0.203196
-0.009851 0.205479
-0.010134 0.207763
-0.011150 0.210046
-0.011414 0.212329
-0.012512 0.214612
-0.012682 0.216895
-0.013928 0.219178
-0.014388 0.221461
-0.015944 0.223744
-0.016949 0.226027
-0.018991 0.228311
-0.021015 0.230594
-0.023575 0.232877
-0.026463 0.235160
-0.029360 0.237443
-0.032876 0.239726
-0.035844 0.242009
-0.039478 0.244292
-0.042328 0.246575
-0.045970 0.248858
-0.048629 0.251142
-0.052098 0.253425
-0.054546 0.255708
-0.057946 0.257991
-0.060193 0.260274
-0.063397 0.262557
-0.065437 0.264840
-0.068567 0.267123
-0.070399 0.269406
-0.073282 0.271689
-0.074888 0.273973
-0.077663 0.276256
-0.079047 0.278539
-0.081494 0.280822
-0.082641 0.283105
-0.084970 0.285388
-0.085906 0.287671
-0.087851 0.289954
-0.088578 0.292237
-0.090460 0.294521
-0.091023 0.296804
-0.092494 0.299087
-0.092897 0.301370
-0.094414 0.303653
-0.094711 0.305936
-0.095791 0.308219
-0.095970 0.310502
-0.097232 0.312785
-0.097345 0.315068
-0.098104 0.317352
-0.098119 0.319635
-0.099196 0.321918
-0.099150 0.324201
-0.099589 0.326484
-0.099414 0.328767
-0.100260 0.331050
-0.099967 0.333333
-0.099921 0.335616
-0.099394 0.337900
-0.099754 0.340183
-0.098984 0.342466
-0.098108 0.344749
-0.096999 0.347032
-0.096569 0.349315
-0.095189 0.351598
-0.093375 0.353881
-0.091776 0.356164
-0.090809 0.358447
-0.089214 0.360731
-0.087152 0.363014
-0.085723 0.365297
-0.085178 0.367580
-0.084105 0.369863
-0.082815 0.372146
-0.082155 0.374429
-0.082670 0.376712
-0.082388 0.378995
-0.082137 0.381279
-0.082167 0.383562
-0.083451 0.385845
-0.083650 0.388128
-0.084019 0.390411
-0.084354 0.392694
-0.085864 0.394977
-0.086220 0.397260
-0.086856 0.399543
-0.087281 0.401826
-0.088762 0.404110
-0.089167 0.406393
-0.089979 0.408676
-0.090440 0.410959
-0.091845 0.413242
-0.092285 0.415525
-0.093261 0.417808
-0.093749 0.420091
-0.095099 0.422374
-0.095573 0.424658
-0.096694 0.426941
-0.097208 0.429224
-0.098539 0.431507
-0.099046 0.433790
-0.100292 0.436073
-0.100830 0.438356
-0.102178 0.440639
-0.102720 0.442922
-0.104071 0.445205
-0.104633 0.447489
-0.106037 0.449772
-0.106612 0.452055
-0.108049 0.454338
-0.108640 0.456621
-0.110128 0.458904
-0.110732 0.461187
-0.112260 0.463470
-0.112877 0.465753
-0.114456 0.468037
-0.115086 0.470320
-0.116707 0.472603
-0.117342 0.474886
-0.119010 0.477169
-0.119647 0.479452
-0.121337 0.481735
-0.121964 0.484018
-0.123695 0.486301
-0.124300 0.488584
-0.126021 0.490868
-0.126592 0.493151
-0.128320 0.495434
-0.128838 0.497717
-0.130515 0.500000
-0.130951 0.502283
-0.132569 0.504566
-0.132892 0.506849
-0.134350 0.509132
-0.134515 0.511416
-0.135842 0.513699
-0.135833 0.515982
-0.136932 0.518265
-0.136766 0.520548
-0.137792 0.522831
-0.137528 0.525114
-0.138484 0.527397
-0.138197 0.529680
-0.139281 0.531963
-0.139025 0.534247
-0.140188 0.536530
-0.139960 0.538813
-0.141263 0.541096
-0.141013 0.543379
-0.142272 0.545662
-0.141930 0.547945
-0.143126 0.550228
-0.142635 0.552511
-0.143619 0.554795
-0.142956 0.557078
-0.143821 0.559361
-0.143002 0.561644
-0.143640 0.563927
-0.142670 0.566210
-0.143280 0.568493
-0.142177 0.570776
-0.142609 0.573059
-0.141378 0.575342
-0.141832 0.577626
-0.140472 0.579909
-0.140777 0.582192
-0.139288 0.584475
-0.139652 0.586758
-0.138041 0.589041
-0.138218 0.591324
-0.136457 0.593607
-0.136721 0.595890
-0.134804 0.598174
-0.134804 0.600457
-0.132696 0.602740
-0.132770 0.605023
-0.130447 0.607306
-0.130164 0.609589
-0.127587 0.611872
-0.127377 0.614155
-0.124531 0.616438
-0.123807 0.618721
-0.120629 0.621005
-0.119918 0.623288
-0.116390 0.625571
-0.114977 0.627854
-0.111074 0.630137
-0.109624 0.632420
-0.105352 0.634703
-0.103127 0.636986
-0.098492 0.639269
-0.096339 0.641553
-0.091375 0.643836
-0.088417 0.646119
-0.083109 0.648402
-0.080317 0.650685
-0.074678 0.652968
-0.071007 0.655251
-0.065039 0.657534
-0.061529 0.659817
-0.055230 0.662100
-0.050746 0.664384
-0.044134 0.666667
-0.039808 0.668950
-0.032911 0.671233
-0.027557 0.673516
-0.020416 0.675799
-0.015213 0.678082
-0.007851 0.680365
-0.001679 0.682648
0.005813 0.684932
0.011844 0.687215
0.019447 0.689498
0.026318 0.691781
0.033934 0.694064
0.040638 0.696347
0.048228 0.698630
0.055590 0.700913
0.063055 0.703196
0.070226 0.705479
0.077541 0.707763
0.085135 0.710046
0.092195 0.712329
0.099560 0.714612
0.106342 0.716895
0.113919 0.719178
0.120352 0.721461
0.127630 0.723744
0.133691 0.726027
0.140997 0.728311
0.146640 0.730594
0.153598 0.732877
0.158829 0.735160
0.165665 0.737443
0.170471 0.739726
0.176910 0.742009
0.181304 0.744292
0.187559 0.746575
0.191561 0.748858
0.197374 0.751142
0.201002 0.753425
0.206606 0.755708
0.209880 0.757991
0.215056 0.760274
0.218026 0.762557
0.222988 0.764840
0.225698 0.767123
0.230297 0.769406
0.232778 0.771689
0.237152 0.773973
0.239337 0.776256
0.243334 0.778539
0.245114 0.780822
0.248712 0.783105
0.249959 0.785388
0.253086 0.787671
0.253796 0.789954
0.256485 0.792237
0.256782 0.794521
0.259089 0.796804
0.259117 0.799087
0.261152 0.801370
0.260996 0.803653
0.262761 0.805936
0.262405 0.808219
0.263865 0.810502
0.263171 0.812785
0.264262 0.815068
0.263063 0.817352
0.263720 0.819635
0.261939 0.821918
0.262075 0.824201
0.259681 0.826484
0.259484 0.828767
0.256601 0.831050
0.256002 0.833333
0.252852 0.835616
0.252236 0.837900
0.249099 0.840183
0.248489 0.842466
0.245625 0.844749
0.245299 0.847032
0.242832 0.849315
0.242642 0.851598
0.240523 0.853881
0.240504 0.856164
0.238596 0.858447
0.238568 0.860731
0.236832 0.863014
0.236856 0.865297
0.235352 0.867580
0.235578 0.869863
0.234588 0.872146
0.235298 0.874429
0.235169 0.876712
0.236538 0.878995
0.237225 0.881279
0.239018 0.883562
0.239928 0.885845
0.241515 0.888128
0.241933 0.890411
0.242846 0.892694
0.242380 0.894977
0.242505 0.897260
0.241172 0.899543
0.240586 0.901826
0.238578 0.904110
0.237432 0.906393
0.234844 0.908676
0.233162 0.910959
0.229906 0.913242
0.227509 0.915525
0.223370 0.917808
0.220126 0.920091
0.215031 0.922374
0.211111 0.924658
0.205523 0.926941
0.201564 0.929224
0.196428 0.931507
0.193300 0.933790
0.189406 0.936073
0.187494 0.938356
0.184836 0.940639
0.183668 0.942922
0.181409 0.945205
0.179999 0.947489
0.176999 0.949772
0.174354 0.952055
0.169766 0.954338
0.165303 0.956621
0.158823 0.958904
0.152515 0.961187
0.144287 0.963470
0.136430 0.965753
0.126839 0.968037
0.117898 0.970320
0.107627 0.972603
0.098979 0.974886
0.091086 0.977169
0.089744 0.979452
0.098380 0.981735
0.129531 0.984018
0.193281 0.986301
0.307557 0.988584
0.480930 0.990868
0.707984 0.993151
0.914631 0.995434
