title="d2z6      Re=37000     iterations=190001 "
 zone t="d2z6"variables=u/U,Y
-0.000049 0.000000
-0.032032 0.002283
-0.095023 0.004566
-0.157700 0.006849
-0.210172 0.009132
-0.254935 0.011416
-0.285828 0.013699
-0.309235 0.015982
-0.323671 0.018265
-0.333814 0.020548
-0.338131 0.022831
-0.338155 0.025114
-0.333450 0.027397
-0.324569 0.029680
-0.313516 0.031963
-0.300019 0.034247
-0.287212 0.036530
-0.273843 0.038813
-0.262917 0.041096
-0.252573 0.043379
-0.245102 0.045662
-0.238475 0.047945
-0.234279 0.050228
-0.230622 0.052511
-0.228693 0.054795
-0.226841 0.057078
-0.226160 0.059361
-0.225202 0.061644
-0.225124 0.063927
-0.224577 0.066210
-0.224809 0.068493
-0.224481 0.070776
-0.224898 0.073059
-0.224686 0.075342
-0.225180 0.077626
-0.224962 0.079909
-0.225395 0.082192
-0.225036 0.084475
-0.225282 0.086758
-0.224680 0.089041
-0.224682 0.091324
-0.223828 0.093607
-0.223626 0.095890
-0.222605 0.098174
-0.222317 0.100457
-0.221252 0.102740
-0.220988 0.105023
-0.219957 0.107306
-0.219747 0.109589
-0.218728 0.111872
-0.218505 0.114155
-0.217410 0.116438
-0.217077 0.118721
-0.215836 0.121005
-0.215369 0.123288
-0.214009 0.125571
-0.213494 0.127854
-0.212133 0.130137
-0.211728 0.132420
-0.210506 0.134703
-0.210352 0.136986
-0.209369 0.139269
-0.209543 0.141553
-0.208836 0.143836
-0.209352 0.146119
-0.208910 0.148402
-0.209740 0.150685
-0.209532 0.152968
-0.210635 0.155251
-0.210621 0.157534
-0.211951 0.159817
-0.212089 0.162100
-0.213604 0.164384
-0.213861 0.166667
-0.215521 0.168950
-0.215859 0.171233
-0.217630 0.173516
-0.218034 0.175799
-0.219891 0.178082
-0.220303 0.180365
-0.222210 0.182648
-0.222681 0.184932
-0.224639 0.187215
-0.225009 0.189498
-0.226966 0.191781
-0.227459 0.194064
-0.229435 0.196347
-0.229676 0.198630
-0.231619 0.200913
-0.232053 0.203196
-0.233953 0.205479
-0.234051 0.207763
-0.235885 0.210046
-0.236101 0.212329
-0.237798 0.214612
-0.237726 0.216895
-0.239275 0.219178
-0.239140 0.221461
-0.240460 0.223744
-0.240079 0.226027
-0.241149 0.228311
-0.240591 0.230594
-0.241374 0.232877
-0.240563 0.235160
-0.241055 0.237443
-0.240032 0.239726
-0.240234 0.242009
-0.238960 0.244292
-0.238878 0.246575
-0.237386 0.248858
-0.237028 0.251142
-0.235288 0.253425
-0.234659 0.255708
-0.232701 0.257991
-0.231801 0.260274
-0.229596 0.262557
-0.228426 0.264840
-0.226002 0.267123
-0.224559 0.269406
-0.221882 0.271689
-0.220154 0.273973
-0.217252 0.276256
-0.215229 0.278539
-0.212057 0.280822
-0.209718 0.283105
-0.206327 0.285388
-0.203666 0.287671
-0.199975 0.289954
-0.196968 0.292237
-0.193106 0.294521
-0.189781 0.296804
-0.185538 0.299087
-0.181838 0.301370
-0.177607 0.303653
-0.173635 0.305936
-0.168766 0.308219
-0.164382 0.310502
-0.159996 0.312785
-0.155422 0.315068
-0.149826 0.317352
-0.144821 0.319635
-0.140495 0.321918
-0.135355 0.324201
-0.129082 0.326484
-0.123582 0.328767
-0.119328 0.331050
-0.113684 0.333333
-0.107011 0.335616
-0.101107 0.337900
-0.096913 0.340183
-0.090932 0.342466
-0.083971 0.344749
-0.077740 0.347032
-0.073864 0.349315
-0.067688 0.351598
-0.060417 0.353881
-0.054024 0.356164
-0.050670 0.358447
-0.044413 0.360731
-0.036965 0.363014
-0.030571 0.365297
-0.027804 0.367580
-0.021596 0.369863
-0.014188 0.372146
-0.007951 0.374429
-0.005731 0.376712
0.000304 0.378995
0.007391 0.381279
0.013333 0.383562
0.015114 0.385845
0.020863 0.388128
0.027354 0.390411
0.032890 0.392694
0.034350 0.394977
0.039704 0.397260
0.045400 0.399543
0.050458 0.401826
0.051661 0.404110
0.056531 0.406393
0.061349 0.408676
0.065883 0.410959
0.066833 0.413242
0.071169 0.415525
0.075107 0.417808
0.079085 0.420091
0.079788 0.422374
0.083566 0.424658
0.086654 0.426941
0.090074 0.429224
0.090538 0.431507
0.093754 0.433790
0.096059 0.436073
0.098935 0.438356
0.099149 0.440639
0.101819 0.442922
0.103422 0.445205
0.105770 0.447489
0.105720 0.449772
0.107864 0.452055
0.108838 0.454338
0.110684 0.456621
0.110355 0.458904
0.111994 0.461187
0.112444 0.463470
0.113829 0.465753
0.113212 0.468037
0.114403 0.470320
0.114464 0.472603
0.115447 0.474886
0.114591 0.477169
0.115419 0.479452
0.115218 0.481735
0.115892 0.484018
0.114873 0.486301
0.115428 0.488584
0.115093 0.490868
0.115550 0.493151
0.114433 0.495434
0.114810 0.497717
0.114432 0.500000
0.114742 0.502283
0.113622 0.504566
0.113903 0.506849
0.113512 0.509132
0.113752 0.511416
0.112723 0.513699
0.112968 0.515982
0.112601 0.518265
0.112835 0.520548
0.111952 0.522831
0.112217 0.525114
0.111903 0.527397
0.112176 0.529680
0.111480 0.531963
0.111813 0.534247
0.111547 0.536530
0.111890 0.538813
0.111398 0.541096
0.111810 0.543379
0.111598 0.545662
0.112041 0.547945
0.111705 0.550228
0.112162 0.552511
0.111991 0.554795
0.112522 0.557078
0.112275 0.559361
0.112703 0.561644
0.112502 0.563927
0.113043 0.566210
0.112795 0.568493
0.113108 0.570776
0.112822 0.573059
0.113251 0.575342
0.112894 0.577626
0.113027 0.579909
0.112622 0.582192
0.112820 0.584475
0.112323 0.586758
0.112230 0.589041
0.111676 0.591324
0.111592 0.593607
0.110988 0.595890
0.110655 0.598174
0.110006 0.600457
0.109673 0.602740
0.109008 0.605023
0.108480 0.607306
0.107840 0.609589
0.107338 0.611872
0.106720 0.614155
0.106108 0.616438
0.105560 0.618721
0.105026 0.621005
0.104576 0.623288
0.104032 0.625571
0.103674 0.627854
0.103285 0.630137
0.103044 0.632420
0.102719 0.634703
0.102604 0.636986
0.102491 0.639269
0.102468 0.641553
0.102468 0.643836
0.102540 0.646119
0.102760 0.648402
0.102921 0.650685
0.103272 0.652968
0.103473 0.655251
0.104036 0.657534
0.104274 0.659817
0.104948 0.662100
0.105209 0.664384
0.106074 0.666667
0.106302 0.668950
0.107249 0.671233
0.107442 0.673516
0.108519 0.675799
0.108660 0.678082
0.109785 0.680365
0.109825 0.682648
0.111011 0.684932
0.110947 0.687215
0.112120 0.689498
0.111956 0.691781
0.113123 0.694064
0.112817 0.696347
0.113918 0.698630
0.113496 0.700913
0.114515 0.703196
0.113996 0.705479
0.114917 0.707763
0.114287 0.710046
0.115084 0.712329
0.114389 0.714612
0.115056 0.716895
0.114343 0.719178
0.114891 0.721461
0.114166 0.723744
0.114588 0.726027
0.113920 0.728311
0.114236 0.730594
0.113687 0.732877
0.113929 0.735160
0.113510 0.737443
0.113694 0.739726
0.113468 0.742009
0.113630 0.744292
0.113650 0.746575
0.113836 0.748858
0.114101 0.751142
0.114339 0.753425
0.114899 0.755708
0.115229 0.757991
0.116102 0.760274
0.116537 0.762557
0.117613 0.764840
0.118104 0.767123
0.119266 0.769406
0.119757 0.771689
0.120902 0.773973
0.121377 0.776256
0.122450 0.778539
0.122959 0.780822
0.124083 0.783105
0.124755 0.785388
0.126061 0.787671
0.126984 0.789954
0.128444 0.792237
0.129597 0.794521
0.131134 0.796804
0.132426 0.799087
0.133908 0.801370
0.135182 0.803653
0.136405 0.805936
0.137434 0.808219
0.138260 0.810502
0.138783 0.812785
0.139103 0.815068
0.138913 0.817352
0.138655 0.819635
0.137738 0.821918
0.137002 0.824201
0.135514 0.826484
0.134447 0.828767
0.132568 0.831050
0.131258 0.833333
0.129170 0.835616
0.127805 0.837900
0.125713 0.840183
0.124472 0.842466
0.122551 0.844749
0.121537 0.847032
0.119934 0.849315
0.119281 0.851598
0.118099 0.853881
0.117891 0.856164
0.117162 0.858447
0.117362 0.860731
0.117075 0.863014
0.117690 0.865297
0.117806 0.867580
0.118786 0.869863
0.119231 0.872146
0.120472 0.874429
0.121183 0.876712
0.122641 0.878995
0.123567 0.881279
0.125206 0.883562
0.126289 0.885845
0.128016 0.888128
0.129225 0.890411
0.131045 0.892694
0.132353 0.894977
0.134245 0.897260
0.135614 0.899543
0.137518 0.901826
0.138932 0.904110
0.140859 0.906393
0.142299 0.908676
0.144248 0.910959
0.145695 0.913242
0.147636 0.915525
0.149115 0.917808
0.151113 0.920091
0.152649 0.922374
0.154755 0.924658
0.156365 0.926941
0.158559 0.929224
0.160229 0.931507
0.162463 0.933790
0.164066 0.936073
0.166150 0.938356
0.167488 0.940639
0.169179 0.942922
0.170128 0.945205
0.171370 0.947489
0.171938 0.949772
0.172844 0.952055
0.173191 0.954338
0.173949 0.956621
0.174259 0.958904
0.175026 0.961187
0.175317 0.963470
0.176015 0.965753
0.176101 0.968037
0.176436 0.970320
0.176079 0.972603
0.176057 0.974886
0.176016 0.977169
0.178459 0.979452
0.185826 0.981735
0.206357 0.984018
0.250669 0.986301
0.339286 0.988584
0.489128 0.990868
0.703177 0.993151
0.910622 0.995434
