title="d2z6      Re=37000     iterations=40001 "
 zone t="d2z6"variables=u/U,Y
-0.000007 0.000000
-0.002626 0.002283
-0.006297 0.004566
-0.008240 0.006849
-0.009327 0.009132
-0.010823 0.011416
-0.012232 0.013699
-0.014149 0.015982
-0.015804 0.018265
-0.017699 0.020548
-0.019133 0.022831
-0.020673 0.025114
-0.021688 0.027397
-0.022802 0.029680
-0.023408 0.031963
-0.024159 0.034247
-0.024443 0.036530
-0.024926 0.038813
-0.024987 0.041096
-0.025288 0.043379
-0.025201 0.045662
-0.025385 0.047945
-0.025205 0.050228
-0.025314 0.052511
-0.025074 0.054795
-0.025134 0.057078
-0.024853 0.059361
-0.024877 0.061644
-0.024565 0.063927
-0.024561 0.066210
-0.024223 0.068493
-0.024193 0.070776
-0.023832 0.073059
-0.023778 0.075342
-0.023394 0.077626
-0.023314 0.079909
-0.022908 0.082192
-0.022802 0.084475
-0.022373 0.086758
-0.022240 0.089041
-0.021788 0.091324
-0.021626 0.093607
-0.021151 0.095890
-0.020957 0.098174
-0.020458 0.100457
-0.020231 0.102740
-0.019707 0.105023
-0.019444 0.107306
-0.018895 0.109589
-0.018594 0.111872
-0.018019 0.114155
-0.017679 0.116438
-0.017078 0.118721
-0.016694 0.121005
-0.016067 0.123288
-0.015638 0.125571
-0.014984 0.127854
-0.014508 0.130137
-0.013827 0.132420
-0.013302 0.134703
-0.012593 0.136986
-0.012018 0.139269
-0.011282 0.141553
-0.010657 0.143836
-0.009892 0.146119
-0.009220 0.148402
-0.008428 0.150685
-0.007716 0.152968
-0.006898 0.155251
-0.006157 0.157534
-0.005300 0.159817
-0.004504 0.162100
-0.003541 0.164384
-0.002524 0.166667
-0.001266 0.168950
0.000396 0.171233
0.002268 0.173516
0.005264 0.175799
0.008111 0.178082
0.013233 0.180365
0.017276 0.182648
0.024951 0.184932
0.030052 0.187215
0.040029 0.189498
0.045702 0.191781
0.057006 0.194064
0.062595 0.196347
0.074031 0.198630
0.078870 0.200913
0.089168 0.203196
0.092626 0.205479
0.100575 0.207763
0.102014 0.210046
0.106335 0.212329
0.105354 0.214612
0.105855 0.216895
0.102851 0.219178
0.100719 0.221461
0.096468 0.223744
0.092712 0.226027
0.087424 0.228311
0.081912 0.230594
0.075425 0.232877
0.067949 0.235160
0.060054 0.237443
0.050394 0.239726
0.040966 0.242009
0.029154 0.244292
0.018266 0.246575
0.004453 0.248858
-0.007581 0.251142
-0.022974 0.253425
-0.035572 0.255708
-0.051849 0.257991
-0.064355 0.260274
-0.080836 0.262557
-0.092647 0.264840
-0.108698 0.267123
-0.119272 0.269406
-0.134268 0.271689
-0.143174 0.273973
-0.156644 0.276256
-0.163665 0.278539
-0.175297 0.280822
-0.180430 0.283105
-0.190190 0.285388
-0.193559 0.287671
-0.201451 0.289954
-0.203134 0.292237
-0.209253 0.294521
-0.209246 0.296804
-0.213522 0.299087
-0.211913 0.301370
-0.214606 0.303653
-0.211898 0.305936
-0.213460 0.308219
-0.210609 0.310502
-0.212099 0.312785
-0.210156 0.315068
-0.212202 0.317352
-0.211585 0.319635
-0.214342 0.321918
-0.214328 0.324201
-0.216603 0.326484
-0.215735 0.328767
-0.216535 0.331050
-0.213782 0.333333
-0.212511 0.335616
-0.207922 0.337900
-0.205264 0.340183
-0.199617 0.342466
-0.196179 0.344749
-0.190359 0.347032
-0.187099 0.349315
-0.181928 0.351598
-0.179391 0.353881
-0.175741 0.356164
-0.174957 0.358447
-0.173489 0.360731
-0.174661 0.363014
-0.175140 0.365297
-0.177731 0.367580
-0.178634 0.369863
-0.180546 0.372146
-0.179708 0.374429
-0.179043 0.376712
-0.174952 0.378995
-0.170690 0.381279
-0.163363 0.383562
-0.156268 0.385845
-0.146913 0.388128
-0.138337 0.390411
-0.128408 0.392694
-0.119822 0.394977
-0.110373 0.397260
-0.102509 0.399543
-0.094155 0.401826
-0.087524 0.404110
-0.080566 0.406393
-0.075063 0.408676
-0.069413 0.410959
-0.064878 0.413242
-0.060087 0.415525
-0.055930 0.417808
-0.051443 0.420091
-0.047464 0.422374
-0.042900 0.424658
-0.038738 0.426941
-0.034025 0.429224
-0.029802 0.431507
-0.025159 0.433790
-0.020844 0.436073
-0.016603 0.438356
-0.012483 0.440639
-0.008787 0.442922
-0.004725 0.445205
-0.001305 0.447489
0.002603 0.449772
0.006118 0.452055
0.010082 0.454338
0.013564 0.456621
0.017340 0.458904
0.020255 0.461187
0.023719 0.463470
0.025694 0.465753
0.028733 0.468037
0.029849 0.470320
0.032555 0.472603
0.033094 0.474886
0.035536 0.477169
0.035745 0.479452
0.037991 0.481735
0.038009 0.484018
0.040103 0.486301
0.039999 0.488584
0.041951 0.490868
0.041760 0.493151
0.043578 0.495434
0.043312 0.497717
0.045016 0.500000
0.044687 0.502283
0.046272 0.504566
0.045890 0.506849
0.047362 0.509132
0.046930 0.511416
0.048308 0.513699
0.047836 0.515982
0.049111 0.518265
0.048604 0.520548
0.049784 0.522831
0.049246 0.525114
0.050350 0.527397
0.049788 0.529680
0.050804 0.531963
0.050222 0.534247
0.051160 0.536530
0.050559 0.538813
0.051437 0.541096
0.050825 0.543379
0.051627 0.545662
0.051006 0.547945
0.051745 0.550228
0.051115 0.552511
0.051808 0.554795
0.051175 0.557078
0.051804 0.559361
0.051168 0.561644
0.051747 0.563927
0.051110 0.566210
0.051653 0.568493
0.051019 0.570776
0.051507 0.573059
0.050876 0.575342
0.051326 0.577626
0.050698 0.579909
0.051120 0.582192
0.050500 0.584475
0.050875 0.586758
0.050261 0.589041
0.050609 0.591324
0.050001 0.593607
0.050329 0.595890
0.049734 0.598174
0.050020 0.600457
0.049433 0.602740
0.049701 0.605023
0.049122 0.607306
0.049378 0.609589
0.048813 0.611872
0.049032 0.614155
0.048476 0.616438
0.048685 0.618721
0.048139 0.621005
0.048339 0.623288
0.047807 0.625571
0.047975 0.627854
0.047451 0.630137
0.047616 0.632420
0.047101 0.634703
0.047259 0.636986
0.046759 0.639269
0.046888 0.641553
0.046395 0.643836
0.046526 0.646119
0.046041 0.648402
0.046167 0.650685
0.045696 0.652968
0.045795 0.655251
0.045329 0.657534
0.045436 0.659817
0.044975 0.662100
0.045078 0.664384
0.044630 0.666667
0.044706 0.668950
0.044261 0.671233
0.044348 0.673516
0.043906 0.675799
0.043986 0.678082
0.043554 0.680365
0.043608 0.682648
0.043176 0.684932
0.043241 0.687215
0.042810 0.689498
0.042865 0.691781
0.042443 0.694064
0.042470 0.696347
0.042046 0.698630
0.042085 0.700913
0.041661 0.703196
0.041686 0.705479
0.041272 0.707763
0.041269 0.710046
0.040852 0.712329
0.040863 0.714612
0.040446 0.716895
0.040440 0.719178
0.040035 0.721461
0.040002 0.723744
0.039595 0.726027
0.039578 0.728311
0.039173 0.730594
0.039138 0.732877
0.038748 0.735160
0.038687 0.737443
0.038296 0.739726
0.038254 0.742009
0.037867 0.744292
0.037806 0.746575
0.037437 0.748858
0.037353 0.751142
0.036985 0.753425
0.036924 0.755708
0.036560 0.757991
0.036480 0.760274
0.036137 0.762557
0.036038 0.764840
0.035696 0.767123
0.035623 0.769406
0.035287 0.771689
0.035196 0.773973
0.034882 0.776256
0.034775 0.778539
0.034463 0.780822
0.034386 0.783105
0.034080 0.785388
0.033985 0.787671
0.033703 0.789954
0.033595 0.792237
0.033314 0.794521
0.033239 0.796804
0.032964 0.799087
0.032871 0.801370
0.032621 0.803653
0.032519 0.805936
0.032269 0.808219
0.032201 0.810502
0.031956 0.812785
0.031872 0.815068
0.031653 0.817352
0.031561 0.819635
0.031340 0.821918
0.031284 0.824201
0.031067 0.826484
0.030996 0.828767
0.030804 0.831050
0.030726 0.833333
0.030531 0.835616
0.030491 0.837900
0.030299 0.840183
0.030243 0.842466
0.030075 0.844749
0.030014 0.847032
0.029841 0.849315
0.029818 0.851598
0.029646 0.853881
0.029607 0.856164
0.029459 0.858447
0.029416 0.860731
0.029260 0.863014
0.029255 0.865297
0.029099 0.867580
0.029079 0.869863
0.028945 0.872146
0.028921 0.874429
0.028778 0.876712
0.028790 0.878995
0.028647 0.881279
0.028643 0.883562
0.028522 0.885845
0.028514 0.888128
0.028381 0.890411
0.028408 0.892694
0.028275 0.894977
0.028287 0.897260
0.028173 0.899543
0.028181 0.901826
0.028054 0.904110
0.028096 0.906393
0.027970 0.908676
0.027995 0.910959
0.027888 0.913242
0.027909 0.915525
0.027787 0.917808
0.027840 0.920091
0.027719 0.922374
0.027756 0.924658
0.027652 0.926941
0.027685 0.929224
0.027566 0.931507
0.027629 0.933790
0.027512 0.936073
0.027559 0.938356
0.027458 0.940639
0.027501 0.942922
0.027384 0.945205
0.027455 0.947489
0.027345 0.949772
0.027404 0.952055
0.027313 0.954338
0.027381 0.956621
0.027300 0.958904
0.027447 0.961187
0.027474 0.963470
0.027812 0.965753
0.028232 0.968037
0.029313 0.970320
0.031083 0.972603
0.034784 0.974886
0.041215 0.977169
0.053469 0.979452
0.074856 0.981735
0.113392 0.984018
0.178369 0.986301
0.286912 0.988584
0.452541 0.990868
0.678121 0.993151
0.900879 0.995434
