title="d2z6      Re=37000     iterations=200001 "
 zone t="d2z6"variables=u/U,Y
-0.000048 0.000000
-0.032653 0.002283
-0.098112 0.004566
-0.164237 0.006849
-0.220239 0.009132
-0.266209 0.011416
-0.296196 0.013699
-0.315954 0.015982
-0.325426 0.018265
-0.329667 0.020548
-0.327102 0.022831
-0.320157 0.025114
-0.308328 0.027397
-0.293088 0.029680
-0.275898 0.031963
-0.256850 0.034247
-0.238327 0.036530
-0.219427 0.038813
-0.202812 0.041096
-0.186880 0.043379
-0.174064 0.045662
-0.162441 0.047945
-0.153961 0.050228
-0.146731 0.052511
-0.142049 0.054795
-0.138213 0.057078
-0.136010 0.059361
-0.134062 0.061644
-0.132946 0.063927
-0.131673 0.066210
-0.130781 0.068493
-0.129605 0.070776
-0.128647 0.073059
-0.127471 0.075342
-0.126481 0.077626
-0.125412 0.079909
-0.124525 0.082192
-0.123686 0.084475
-0.123005 0.086758
-0.122456 0.089041
-0.122009 0.091324
-0.121741 0.093607
-0.121508 0.095890
-0.121480 0.098174
-0.121433 0.100457
-0.121609 0.102740
-0.121739 0.105023
-0.122098 0.107306
-0.122418 0.109589
-0.122950 0.111872
-0.123483 0.114155
-0.124171 0.116438
-0.124931 0.118721
-0.125739 0.121005
-0.126717 0.123288
-0.127589 0.125571
-0.128751 0.127854
-0.129619 0.130137
-0.130908 0.132420
-0.131710 0.134703
-0.133061 0.136986
-0.133756 0.139269
-0.135117 0.141553
-0.135697 0.143836
-0.137031 0.146119
-0.137518 0.148402
-0.138812 0.150685
-0.139240 0.152968
-0.140495 0.155251
-0.140902 0.157534
-0.142124 0.159817
-0.142539 0.162100
-0.143736 0.164384
-0.144171 0.166667
-0.145349 0.168950
-0.145809 0.171233
-0.146971 0.173516
-0.147450 0.175799
-0.148596 0.178082
-0.149083 0.180365
-0.150210 0.182648
-0.150697 0.184932
-0.151798 0.187215
-0.152272 0.189498
-0.153341 0.191781
-0.153791 0.194064
-0.154820 0.196347
-0.155240 0.198630
-0.156221 0.200913
-0.156607 0.203196
-0.157530 0.205479
-0.157877 0.207763
-0.158734 0.210046
-0.159041 0.212329
-0.159825 0.214612
-0.160091 0.216895
-0.160797 0.219178
-0.161019 0.221461
-0.161646 0.223744
-0.161827 0.226027
-0.162375 0.228311
-0.162517 0.230594
-0.162992 0.232877
-0.163095 0.235160
-0.163505 0.237443
-0.163573 0.239726
-0.163925 0.242009
-0.163960 0.244292
-0.164261 0.246575
-0.164262 0.248858
-0.164515 0.251142
-0.164481 0.253425
-0.164685 0.255708
-0.164609 0.257991
-0.164754 0.260274
-0.164620 0.262557
-0.164689 0.264840
-0.164479 0.267123
-0.164447 0.269406
-0.164134 0.271689
-0.163973 0.273973
-0.163521 0.276256
-0.163206 0.278539
-0.162589 0.280822
-0.162106 0.283105
-0.161305 0.285388
-0.160668 0.287671
-0.159679 0.289954
-0.158931 0.292237
-0.157786 0.294521
-0.157007 0.296804
-0.155749 0.299087
-0.155027 0.301370
-0.153746 0.303653
-0.153153 0.305936
-0.151802 0.308219
-0.151255 0.310502
-0.149985 0.312785
-0.149333 0.315068
-0.147707 0.317352
-0.146654 0.319635
-0.145081 0.321918
-0.143562 0.324201
-0.141369 0.326484
-0.139508 0.328767
-0.137624 0.331050
-0.135779 0.333333
-0.133524 0.335616
-0.131993 0.337900
-0.130299 0.340183
-0.129142 0.342466
-0.127286 0.344749
-0.126469 0.347032
-0.124961 0.349315
-0.124334 0.351598
-0.122750 0.353881
-0.122276 0.356164
-0.120825 0.358447
-0.120475 0.360731
-0.119024 0.363014
-0.118742 0.365297
-0.117354 0.367580
-0.117201 0.369863
-0.115822 0.372146
-0.115655 0.374429
-0.114312 0.376712
-0.114265 0.378995
-0.112910 0.381279
-0.112773 0.383562
-0.111440 0.385845
-0.111390 0.388128
-0.110013 0.390411
-0.109853 0.392694
-0.108484 0.394977
-0.108348 0.397260
-0.106921 0.399543
-0.106704 0.401826
-0.105253 0.404110
-0.105005 0.406393
-0.103495 0.408676
-0.103184 0.410959
-0.101624 0.413242
-0.101257 0.415525
-0.099621 0.417808
-0.099178 0.420091
-0.097489 0.422374
-0.096972 0.424658
-0.095168 0.426941
-0.094552 0.429224
-0.092723 0.431507
-0.092021 0.433790
-0.090002 0.436073
-0.089185 0.438356
-0.087218 0.440639
-0.086312 0.442922
-0.084072 0.445205
-0.083059 0.447489
-0.080921 0.449772
-0.079815 0.452055
-0.077384 0.454338
-0.076178 0.456621
-0.073872 0.458904
-0.072587 0.461187
-0.069918 0.463470
-0.068511 0.465753
-0.066101 0.468037
-0.064624 0.470320
-0.061696 0.472603
-0.060093 0.474886
-0.057568 0.477169
-0.055877 0.479452
-0.052737 0.481735
-0.050929 0.484018
-0.048273 0.486301
-0.046361 0.488584
-0.043043 0.490868
-0.041016 0.493151
-0.038243 0.495434
-0.036114 0.497717
-0.032646 0.500000
-0.030394 0.502283
-0.027534 0.504566
-0.025185 0.506849
-0.021599 0.509132
-0.019136 0.511416
-0.016229 0.513699
-0.013670 0.515982
-0.009998 0.518265
-0.007333 0.520548
-0.004429 0.522831
-0.001686 0.525114
0.002032 0.527397
0.004876 0.529680
0.007735 0.531963
0.010638 0.534247
0.014355 0.536530
0.017339 0.538813
0.020104 0.541096
0.023135 0.543379
0.026812 0.545662
0.029904 0.547945
0.032527 0.550228
0.035640 0.552511
0.039228 0.554795
0.042389 0.557078
0.044840 0.559361
0.048000 0.561644
0.051449 0.563927
0.054628 0.566210
0.056875 0.568493
0.060045 0.570776
0.063320 0.573059
0.066482 0.575342
0.068502 0.577626
0.071631 0.579909
0.074691 0.582192
0.077799 0.584475
0.079596 0.586758
0.082656 0.589041
0.085460 0.591324
0.088470 0.593607
0.090042 0.595890
0.093004 0.598174
0.095544 0.600457
0.098434 0.602740
0.099785 0.605023
0.102612 0.607306
0.104871 0.609589
0.107621 0.611872
0.108788 0.614155
0.111466 0.616438
0.113433 0.618721
0.116018 0.621005
0.117013 0.623288
0.119532 0.625571
0.121242 0.627854
0.123661 0.630137
0.124480 0.632420
0.126822 0.634703
0.128290 0.636986
0.130543 0.639269
0.131209 0.641553
0.133377 0.643836
0.134601 0.646119
0.136673 0.648402
0.137181 0.650685
0.139177 0.652968
0.140191 0.655251
0.142087 0.657534
0.142427 0.659817
0.144240 0.662100
0.145060 0.664384
0.146782 0.666667
0.147025 0.668950
0.148661 0.671233
0.149306 0.673516
0.150846 0.675799
0.151058 0.678082
0.152530 0.680365
0.153085 0.682648
0.154458 0.684932
0.154673 0.687215
0.155976 0.689498
0.156504 0.691781
0.157726 0.694064
0.158016 0.696347
0.159163 0.698630
0.159675 0.700913
0.160738 0.703196
0.161138 0.705479
0.162140 0.707763
0.162696 0.710046
0.163612 0.712329
0.164092 0.714612
0.164942 0.716895
0.165578 0.719178
0.166360 0.721461
0.166950 0.723744
0.167661 0.726027
0.168352 0.728311
0.169000 0.730594
0.169720 0.732877
0.170315 0.735160
0.171097 0.737443
0.171630 0.739726
0.172432 0.742009
0.172921 0.744292
0.173828 0.746575
0.174280 0.748858
0.175189 0.751142
0.175605 0.753425
0.176609 0.755708
0.177013 0.757991
0.178111 0.760274
0.178528 0.762557
0.179732 0.764840
0.180180 0.767123
0.181568 0.769406
0.182092 0.771689
0.183725 0.773973
0.184331 0.776256
0.186132 0.778539
0.186781 0.780822
0.188705 0.783105
0.189340 0.785388
0.191180 0.787671
0.191705 0.789954
0.193172 0.792237
0.193489 0.794521
0.194418 0.796804
0.194482 0.799087
0.194679 0.801370
0.194447 0.803653
0.193733 0.805936
0.193172 0.808219
0.191505 0.810502
0.190625 0.812785
0.187932 0.815068
0.186757 0.817352
0.183145 0.819635
0.181762 0.821918
0.177655 0.824201
0.176242 0.826484
0.172070 0.828767
0.170773 0.831050
0.166929 0.833333
0.165842 0.835616
0.162610 0.837900
0.161789 0.840183
0.159132 0.842466
0.158536 0.844749
0.156334 0.847032
0.155896 0.849315
0.154053 0.851598
0.153736 0.853881
0.152049 0.856164
0.151793 0.858447
0.150168 0.860731
0.149931 0.863014
0.148375 0.865297
0.148179 0.867580
0.146632 0.869863
0.146466 0.872146
0.144966 0.874429
0.144839 0.876712
0.143480 0.878995
0.143444 0.881279
0.142210 0.883562
0.142269 0.885845
0.141216 0.888128
0.141375 0.890411
0.140569 0.892694
0.140867 0.894977
0.140253 0.897260
0.140671 0.899543
0.140260 0.901826
0.140783 0.904110
0.140592 0.906393
0.141238 0.908676
0.141185 0.910959
0.141926 0.913242
0.142012 0.915525
0.142830 0.917808
0.143068 0.920091
0.143984 0.922374
0.144302 0.924658
0.145288 0.926941
0.145688 0.929224
0.146720 0.931507
0.147185 0.933790
0.148257 0.936073
0.148668 0.938356
0.149710 0.940639
0.150001 0.942922
0.150945 0.945205
0.151046 0.947489
0.151857 0.949772
0.151664 0.952055
0.152299 0.954338
0.151839 0.956621
0.152318 0.958904
0.151685 0.961187
0.152108 0.963470
0.151416 0.965753
0.151929 0.968037
0.151510 0.970320
0.152560 0.972603
0.153384 0.974886
0.156708 0.977169
0.162385 0.979452
0.174832 0.981735
0.199120 0.984018
0.245836 0.986301
0.333240 0.988584
0.480086 0.990868
0.693088 0.993151
0.905866 0.995434
