title="d2z6      Re=37000     iterations=110001 "
 zone t="d2z6"variables=u/U,Y
-0.000035 0.000000
-0.020232 0.002283
-0.059483 0.004566
-0.102113 0.006849
-0.142896 0.009132
-0.188751 0.011416
-0.226634 0.013699
-0.263606 0.015982
-0.288309 0.018265
-0.307018 0.020548
-0.316588 0.022831
-0.320387 0.025114
-0.319973 0.027397
-0.314428 0.029680
-0.306721 0.031963
-0.294005 0.034247
-0.281598 0.036530
-0.265697 0.038813
-0.252451 0.041096
-0.236968 0.043379
-0.224826 0.045662
-0.210654 0.047945
-0.199303 0.050228
-0.185705 0.052511
-0.174324 0.054795
-0.160905 0.057078
-0.149475 0.059361
-0.136718 0.061644
-0.125839 0.063927
-0.114533 0.066210
-0.104840 0.068493
-0.095468 0.070776
-0.087265 0.073059
-0.079843 0.075342
-0.073053 0.077626
-0.067227 0.079909
-0.061565 0.082192
-0.056944 0.084475
-0.052131 0.086758
-0.048413 0.089041
-0.044272 0.091324
-0.041316 0.093607
-0.037761 0.095890
-0.035461 0.098174
-0.032446 0.100457
-0.030759 0.102740
-0.028250 0.105023
-0.027070 0.107306
-0.025020 0.109589
-0.024307 0.111872
-0.022661 0.114155
-0.022282 0.116438
-0.020973 0.118721
-0.020922 0.121005
-0.019897 0.123288
-0.020038 0.125571
-0.019244 0.127854
-0.019641 0.130137
-0.019047 0.132420
-0.019549 0.134703
-0.019124 0.136986
-0.019865 0.139269
-0.019596 0.141553
-0.020378 0.143836
-0.020243 0.146119
-0.021272 0.148402
-0.021263 0.150685
-0.022264 0.152968
-0.022358 0.155251
-0.023622 0.157534
-0.023813 0.159817
-0.024964 0.162100
-0.025229 0.164384
-0.026667 0.166667
-0.026999 0.168950
-0.028230 0.171233
-0.028607 0.173516
-0.030165 0.175799
-0.030587 0.178082
-0.031834 0.180365
-0.032281 0.182648
-0.033910 0.184932
-0.034390 0.187215
-0.035607 0.189498
-0.036102 0.191781
-0.037759 0.194064
-0.038287 0.196347
-0.039443 0.198630
-0.039988 0.200913
-0.041630 0.203196
-0.042215 0.205479
-0.043295 0.207763
-0.043907 0.210046
-0.045482 0.212329
-0.046141 0.214612
-0.047152 0.216895
-0.047850 0.219178
-0.049307 0.221461
-0.050054 0.223744
-0.051017 0.226027
-0.051811 0.228311
-0.053116 0.230594
-0.053955 0.232877
-0.054893 0.235160
-0.055782 0.237443
-0.056932 0.239726
-0.057858 0.242009
-0.058789 0.244292
-0.059760 0.246575
-0.060789 0.248858
-0.061792 0.251142
-0.062725 0.253425
-0.063765 0.255708
-0.064741 0.257991
-0.065817 0.260274
-0.066793 0.262557
-0.067922 0.264840
-0.068995 0.267123
-0.070210 0.269406
-0.071462 0.271689
-0.072823 0.273973
-0.074400 0.276256
-0.075982 0.278539
-0.078017 0.280822
-0.079875 0.283105
-0.082406 0.285388
-0.084526 0.287671
-0.087414 0.289954
-0.089674 0.292237
-0.092606 0.294521
-0.094793 0.296804
-0.097369 0.299087
-0.099251 0.301370
-0.101142 0.303653
-0.102553 0.305936
-0.103635 0.308219
-0.104539 0.310502
-0.104906 0.312785
-0.105385 0.315068
-0.105273 0.317352
-0.105464 0.319635
-0.105129 0.321918
-0.105162 0.324201
-0.104795 0.326484
-0.104761 0.328767
-0.104476 0.331050
-0.104427 0.333333
-0.104280 0.335616
-0.104234 0.337900
-0.104225 0.340183
-0.104179 0.342466
-0.104275 0.344749
-0.104211 0.347032
-0.104383 0.349315
-0.104287 0.351598
-0.104504 0.353881
-0.104368 0.356164
-0.104621 0.358447
-0.104443 0.360731
-0.104712 0.363014
-0.104489 0.365297
-0.104804 0.367580
-0.104544 0.369863
-0.104843 0.372146
-0.104535 0.374429
-0.104915 0.376712
-0.104573 0.378995
-0.104888 0.381279
-0.104497 0.383562
-0.104951 0.385845
-0.104529 0.388128
-0.104831 0.390411
-0.104355 0.392694
-0.104897 0.394977
-0.104393 0.397260
-0.104664 0.399543
-0.104101 0.401826
-0.104721 0.404110
-0.104128 0.406393
-0.104368 0.408676
-0.103719 0.410959
-0.104392 0.413242
-0.103701 0.415525
-0.103915 0.417808
-0.103170 0.420091
-0.103850 0.422374
-0.103051 0.424658
-0.103252 0.426941
-0.102401 0.429224
-0.103005 0.431507
-0.102082 0.433790
-0.102256 0.436073
-0.101278 0.438356
-0.101724 0.440639
-0.100661 0.442922
-0.100742 0.445205
-0.099616 0.447489
-0.099848 0.449772
-0.098641 0.452055
-0.098586 0.454338
-0.097315 0.456621
-0.097352 0.458904
-0.096017 0.461187
-0.095872 0.463470
-0.094490 0.465753
-0.094474 0.468037
-0.093050 0.470320
-0.092942 0.472603
-0.091485 0.474886
-0.091571 0.477169
-0.090081 0.479452
-0.090121 0.481735
-0.088589 0.484018
-0.088807 0.486301
-0.087225 0.488584
-0.087347 0.490868
-0.085699 0.493151
-0.085917 0.495434
-0.084187 0.497717
-0.084181 0.500000
-0.082359 0.502283
-0.082336 0.504566
-0.080416 0.506849
-0.080075 0.509132
-0.078052 0.511416
-0.077610 0.513699
-0.075491 0.515982
-0.074686 0.518265
-0.072479 0.520548
-0.071578 0.522831
-0.069290 0.525114
-0.068030 0.527397
-0.065675 0.529680
-0.064350 0.531963
-0.061939 0.534247
-0.060314 0.536530
-0.057855 0.538813
-0.056206 0.541096
-0.053709 0.543379
-0.051796 0.545662
-0.049274 0.547945
-0.047393 0.550228
-0.044847 0.552511
-0.042735 0.554795
-0.040177 0.557078
-0.038108 0.559361
-0.035546 0.561644
-0.033288 0.563927
-0.030725 0.566210
-0.028525 0.568493
-0.025967 0.570776
-0.023579 0.573059
-0.021039 0.575342
-0.018731 0.577626
-0.016207 0.579909
-0.013732 0.582192
-0.011232 0.584475
-0.008821 0.586758
-0.006356 0.589041
-0.003805 0.591324
-0.001375 0.593607
0.001099 0.595890
0.003492 0.598174
0.006111 0.600457
0.008454 0.602740
0.010981 0.605023
0.013277 0.607306
0.015922 0.609589
0.018170 0.611872
0.020738 0.614155
0.022930 0.616438
0.025592 0.618721
0.027728 0.621005
0.030295 0.623288
0.032385 0.625571
0.035047 0.627854
0.037080 0.630137
0.039639 0.632420
0.041622 0.634703
0.044245 0.636986
0.046186 0.639269
0.048728 0.641553
0.050628 0.643836
0.053208 0.646119
0.055068 0.648402
0.057561 0.650685
0.059398 0.652968
0.061938 0.655251
0.063747 0.657534
0.066198 0.659817
0.067984 0.662100
0.070462 0.664384
0.072235 0.666667
0.074655 0.668950
0.076402 0.671233
0.078839 0.673516
0.080553 0.675799
0.082918 0.678082
0.084591 0.680365
0.087007 0.682648
0.088618 0.684932
0.090931 0.687215
0.092448 0.689498
0.094808 0.691781
0.096222 0.694064
0.098484 0.696347
0.099760 0.698630
0.102034 0.700913
0.103147 0.703196
0.105303 0.705479
0.106247 0.707763
0.108405 0.710046
0.109151 0.712329
0.111164 0.714612
0.111709 0.716895
0.113677 0.719178
0.114021 0.721461
0.115877 0.723744
0.116024 0.726027
0.117777 0.728311
0.117740 0.730594
0.119393 0.732877
0.119206 0.735160
0.120778 0.737443
0.120459 0.739726
0.121912 0.742009
0.121490 0.744292
0.122880 0.746575
0.122386 0.748858
0.123700 0.751142
0.123146 0.753425
0.124370 0.755708
0.123776 0.757991
0.124953 0.760274
0.124333 0.762557
0.125452 0.764840
0.124808 0.767123
0.125846 0.769406
0.125185 0.771689
0.126198 0.773973
0.125525 0.776256
0.126475 0.778539
0.125785 0.780822
0.126669 0.783105
0.125968 0.785388
0.126817 0.787671
0.126100 0.789954
0.126900 0.792237
0.126166 0.794521
0.126880 0.796804
0.126133 0.799087
0.126845 0.801370
0.126085 0.803653
0.126702 0.805936
0.125926 0.808219
0.126515 0.810502
0.125734 0.812785
0.126264 0.815068
0.125472 0.817352
0.125978 0.819635
0.125180 0.821918
0.125583 0.824201
0.124781 0.826484
0.125220 0.828767
0.124410 0.831050
0.124722 0.833333
0.123902 0.835616
0.124223 0.837900
0.123396 0.840183
0.123638 0.842466
0.122791 0.844749
0.123009 0.847032
0.122141 0.849315
0.122254 0.851598
0.121360 0.853881
0.121489 0.856164
0.120553 0.858447
0.120535 0.860731
0.119555 0.863014
0.119527 0.865297
0.118497 0.867580
0.118369 0.869863
0.117285 0.872146
0.117128 0.874429
0.116038 0.876712
0.115906 0.878995
0.114933 0.881279
0.115094 0.883562
0.114431 0.885845
0.115086 0.888128
0.114973 0.890411
0.116467 0.892694
0.117062 0.894977
0.119558 0.897260
0.120941 0.899543
0.124459 0.901826
0.126617 0.904110
0.131052 0.906393
0.133826 0.908676
0.138860 0.910959
0.142024 0.913242
0.147266 0.915525
0.150606 0.917808
0.155760 0.920091
0.159066 0.922374
0.163817 0.924658
0.166913 0.926941
0.170983 0.929224
0.173737 0.931507
0.176947 0.933790
0.179233 0.936073
0.181387 0.938356
0.183117 0.940639
0.184121 0.942922
0.185270 0.945205
0.185249 0.947489
0.185860 0.949772
0.185047 0.952055
0.185249 0.954338
0.183969 0.956621
0.183925 0.958904
0.182496 0.961187
0.182324 0.963470
0.180901 0.965753
0.180714 0.968037
0.179463 0.970320
0.179560 0.972603
0.179218 0.974886
0.181082 0.977169
0.185037 0.979452
0.195433 0.981735
0.217697 0.984018
0.262737 0.986301
0.349666 0.988584
0.496685 0.990868
0.707846 0.993151
0.912257 0.995434
