title="d2z6      Re=37000     iterations=210001 "
 zone t="d2z6"variables=X,v/U
0.001370 0.000000
0.004110 0.010799
0.006849 0.053612
0.009589 0.093495
0.012329 0.130750
0.015068 0.163381
0.017808 0.188463
0.020548 0.205690
0.023288 0.216664
0.026027 0.223699
0.028767 0.229043
0.031507 0.233311
0.034247 0.236262
0.036986 0.238006
0.039726 0.238203
0.042466 0.236443
0.045205 0.232970
0.047945 0.227882
0.050685 0.221294
0.053425 0.213906
0.056164 0.206192
0.058904 0.198479
0.061644 0.191378
0.064384 0.185061
0.067123 0.179492
0.069863 0.174827
0.072603 0.170895
0.075342 0.167513
0.078082 0.164778
0.080822 0.162595
0.083562 0.160887
0.086301 0.159761
0.089041 0.159100
0.091781 0.158758
0.094521 0.158745
0.097260 0.158927
0.100000 0.159168
0.102740 0.159519
0.105479 0.159924
0.108219 0.160311
0.110959 0.160762
0.113699 0.161262
0.116438 0.161748
0.119178 0.162300
0.121918 0.162909
0.124658 0.163511
0.127397 0.164171
0.130137 0.164896
0.132877 0.165604
0.135616 0.166375
0.138356 0.167191
0.141096 0.168015
0.143836 0.168855
0.146575 0.169789
0.149315 0.170664
0.152055 0.171625
0.154795 0.172583
0.157534 0.173596
0.160274 0.174550
0.163014 0.175655
0.165753 0.176633
0.168493 0.177734
0.171233 0.178769
0.173973 0.179887
0.176712 0.180883
0.179452 0.182024
0.182192 0.183004
0.184932 0.184062
0.187671 0.185025
0.190411 0.186022
0.193151 0.186867
0.195890 0.187800
0.198630 0.188558
0.201370 0.189346
0.204110 0.190006
0.206849 0.190680
0.209589 0.191145
0.212329 0.191660
0.215068 0.191910
0.217808 0.192123
0.220548 0.192051
0.223288 0.191909
0.226027 0.191385
0.228767 0.190830
0.231507 0.189911
0.234247 0.188970
0.236986 0.187772
0.239726 0.186661
0.242466 0.185350
0.245205 0.184250
0.247945 0.183057
0.250685 0.182088
0.253425 0.181108
0.256164 0.180378
0.258904 0.179618
0.261644 0.179102
0.264384 0.178564
0.267123 0.178188
0.269863 0.177784
0.272603 0.177512
0.275342 0.177153
0.278082 0.176896
0.280822 0.176552
0.283562 0.176245
0.286301 0.175841
0.289041 0.175465
0.291781 0.174939
0.294521 0.174419
0.297260 0.173744
0.300000 0.173012
0.302740 0.172099
0.305479 0.171117
0.308219 0.169895
0.310959 0.168578
0.313699 0.167013
0.316438 0.165312
0.319178 0.163341
0.321918 0.161252
0.324658 0.158856
0.327397 0.156364
0.330137 0.153581
0.332877 0.150744
0.335616 0.147643
0.338356 0.144643
0.341096 0.141469
0.343836 0.138655
0.346575 0.135887
0.349315 0.133804
0.352055 0.131923
0.354795 0.130919
0.357534 0.129972
0.360274 0.129725
0.363014 0.129128
0.365753 0.128916
0.368493 0.128000
0.371233 0.127410
0.373973 0.126074
0.376712 0.125258
0.379452 0.123829
0.382192 0.123130
0.384932 0.121849
0.387671 0.121379
0.390411 0.120250
0.393151 0.119907
0.395890 0.118807
0.398630 0.118451
0.401370 0.117241
0.404110 0.116750
0.406849 0.115339
0.409589 0.114622
0.412329 0.112954
0.415068 0.111970
0.417808 0.110018
0.420548 0.108754
0.423288 0.106525
0.426027 0.104984
0.428767 0.102497
0.431507 0.100699
0.434247 0.097968
0.436986 0.095924
0.439726 0.092962
0.442466 0.090670
0.445205 0.087479
0.447945 0.084938
0.450685 0.081514
0.453425 0.078723
0.456164 0.075068
0.458904 0.072022
0.461644 0.068138
0.464384 0.064844
0.467123 0.060734
0.469863 0.057200
0.472603 0.052881
0.475342 0.049116
0.478082 0.044604
0.480822 0.040632
0.483562 0.035940
0.486301 0.031781
0.489041 0.026940
0.491781 0.022612
0.494521 0.017641
0.497260 0.013177
0.500000 0.008098
0.502740 0.003522
0.505479 -0.001630
0.508219 -0.006292
0.510959 -0.011494
0.513699 -0.016207
0.516438 -0.021432
0.519178 -0.026171
0.521918 -0.031384
0.524658 -0.036119
0.527397 -0.041298
0.530137 -0.045996
0.532877 -0.051112
0.535616 -0.055750
0.538356 -0.060773
0.541096 -0.065325
0.543836 -0.070235
0.546575 -0.074674
0.549315 -0.079446
0.552055 -0.083756
0.554795 -0.088367
0.557534 -0.092525
0.560274 -0.096959
0.563014 -0.100948
0.565753 -0.105185
0.568493 -0.108991
0.571233 -0.113015
0.573973 -0.116619
0.576712 -0.120414
0.579452 -0.123806
0.582192 -0.127351
0.584932 -0.130511
0.587671 -0.133796
0.590411 -0.136706
0.593151 -0.139708
0.595890 -0.142360
0.598630 -0.145064
0.601370 -0.147439
0.604110 -0.149845
0.606849 -0.151936
0.609589 -0.154034
0.612329 -0.155856
0.615068 -0.157655
0.617808 -0.159208
0.620548 -0.160739
0.623288 -0.162046
0.626027 -0.163319
0.628767 -0.164417
0.631507 -0.165467
0.634247 -0.166364
0.636986 -0.167237
0.639726 -0.167969
0.642466 -0.168674
0.645205 -0.169285
0.647945 -0.169865
0.650685 -0.170356
0.653425 -0.170862
0.656164 -0.171277
0.658904 -0.171710
0.661644 -0.172099
0.664384 -0.172508
0.667123 -0.172865
0.669863 -0.173300
0.672603 -0.173671
0.675342 -0.174118
0.678082 -0.174552
0.680822 -0.175057
0.683562 -0.175533
0.686301 -0.176143
0.689041 -0.176708
0.691781 -0.177402
0.694521 -0.178108
0.697260 -0.178943
0.700000 -0.179777
0.702740 -0.180815
0.705479 -0.181841
0.708219 -0.183068
0.710959 -0.184344
0.713699 -0.185812
0.716438 -0.187296
0.719178 -0.189024
0.721918 -0.190719
0.724658 -0.192610
0.727397 -0.194483
0.730137 -0.196495
0.732877 -0.198424
0.735616 -0.200527
0.738356 -0.202505
0.741096 -0.204637
0.743836 -0.206721
0.746575 -0.208966
0.749315 -0.211169
0.752055 -0.213606
0.754795 -0.215940
0.757534 -0.218386
0.760274 -0.220635
0.763014 -0.222750
0.765753 -0.224452
0.768493 -0.225946
0.771233 -0.226972
0.773973 -0.227856
0.776712 -0.228525
0.779452 -0.229207
0.782192 -0.229852
0.784932 -0.230678
0.787671 -0.231458
0.790411 -0.232352
0.793151 -0.233144
0.795890 -0.233795
0.798630 -0.234159
0.801370 -0.234208
0.804110 -0.233730
0.806849 -0.232842
0.809589 -0.231440
0.812329 -0.229565
0.815068 -0.227317
0.817808 -0.224723
0.820548 -0.221743
0.823288 -0.218529
0.826027 -0.214965
0.828767 -0.211018
0.831507 -0.206771
0.834247 -0.202096
0.836986 -0.196949
0.839726 -0.191467
0.842466 -0.185499
0.845205 -0.179079
0.847945 -0.172367
0.850685 -0.165230
0.853425 -0.157752
0.856164 -0.150127
0.858904 -0.142201
0.861644 -0.134135
0.864384 -0.126096
0.867123 -0.117936
0.869863 -0.109849
0.872603 -0.101981
0.875342 -0.094151
0.878082 -0.086605
0.880822 -0.079400
0.883562 -0.072370
0.886301 -0.065749
0.889041 -0.059574
0.891781 -0.053664
0.894521 -0.048350
0.897260 -0.043628
0.900000 -0.039399
0.902740 -0.035979
0.905479 -0.033384
0.908219 -0.031378
0.910959 -0.030285
0.913699 -0.029784
0.916438 -0.029526
0.919178 -0.029316
0.921918 -0.028934
0.924658 -0.027788
0.927397 -0.026482
0.930137 -0.025215
0.932877 -0.024286
0.935616 -0.024202
0.938356 -0.025041
0.941096 -0.026417
0.943836 -0.029026
0.946575 -0.034029
0.949315 -0.043561
0.952055 -0.061091
0.954795 -0.089163
0.957534 -0.127678
0.960274 -0.173859
0.963014 -0.224499
0.965753 -0.277048
0.968493 -0.328999
0.971233 -0.378850
0.973973 -0.422556
0.976712 -0.452523
0.979452 -0.462198
0.982192 -0.444032
0.984932 -0.391723
0.987671 -0.310654
0.990411 -0.212806
0.993151 -0.117696
0.995890 -0.043185
0.998630 -0.000044
