title="d2z6      Re=37000     iterations=90001 "
 zone t="d2z6"variables=X,v/U
0.001370 0.000000
0.004110 0.006202
0.006849 0.028171
0.009589 0.044492
0.012329 0.056652
0.015068 0.065520
0.017808 0.072019
0.020548 0.077115
0.023288 0.081074
0.026027 0.084306
0.028767 0.087357
0.031507 0.090198
0.034247 0.092991
0.036986 0.096032
0.039726 0.099119
0.042466 0.102268
0.045205 0.105626
0.047945 0.108933
0.050685 0.112170
0.053425 0.115446
0.056164 0.118542
0.058904 0.121468
0.061644 0.124353
0.064384 0.127046
0.067123 0.129588
0.069863 0.132118
0.072603 0.134516
0.075342 0.136812
0.078082 0.139114
0.080822 0.141292
0.083562 0.143341
0.086301 0.145338
0.089041 0.147162
0.091781 0.148812
0.094521 0.150380
0.097260 0.151804
0.100000 0.153114
0.102740 0.154447
0.105479 0.155785
0.108219 0.157185
0.110959 0.158787
0.113699 0.160617
0.116438 0.162727
0.119178 0.165276
0.121918 0.168245
0.124658 0.171549
0.127397 0.175034
0.130137 0.178351
0.132877 0.181077
0.135616 0.183022
0.138356 0.184068
0.141096 0.184316
0.143836 0.184061
0.146575 0.183608
0.149315 0.183093
0.152055 0.182714
0.154795 0.182443
0.157534 0.182230
0.160274 0.182003
0.163014 0.181770
0.165753 0.181337
0.168493 0.180756
0.171233 0.179875
0.173973 0.178651
0.176712 0.176939
0.179452 0.174813
0.182192 0.172082
0.184932 0.168903
0.187671 0.165246
0.190411 0.161250
0.193151 0.156958
0.195890 0.152595
0.198630 0.148127
0.201370 0.143718
0.204110 0.139383
0.206849 0.135229
0.209589 0.131361
0.212329 0.128093
0.215068 0.125406
0.217808 0.123450
0.220548 0.121867
0.223288 0.120613
0.226027 0.119254
0.228767 0.118138
0.231507 0.116956
0.234247 0.116174
0.236986 0.115517
0.239726 0.115223
0.242466 0.114985
0.245205 0.114968
0.247945 0.114947
0.250685 0.114989
0.253425 0.115044
0.256164 0.115105
0.258904 0.115126
0.261644 0.115160
0.264384 0.115136
0.267123 0.115074
0.269863 0.114972
0.272603 0.114823
0.275342 0.114588
0.278082 0.114321
0.280822 0.113967
0.283562 0.113536
0.286301 0.113032
0.289041 0.112455
0.291781 0.111766
0.294521 0.111017
0.297260 0.110169
0.300000 0.109229
0.302740 0.108207
0.305479 0.107115
0.308219 0.105921
0.310959 0.104678
0.313699 0.103361
0.316438 0.101983
0.319178 0.100554
0.321918 0.099091
0.324658 0.097566
0.327397 0.096021
0.330137 0.094435
0.332877 0.092813
0.335616 0.091150
0.338356 0.089466
0.341096 0.087720
0.343836 0.085946
0.346575 0.084119
0.349315 0.082246
0.352055 0.080311
0.354795 0.078340
0.357534 0.076295
0.360274 0.074210
0.363014 0.072064
0.365753 0.069872
0.368493 0.067619
0.371233 0.065335
0.373973 0.062989
0.376712 0.060612
0.379452 0.058188
0.382192 0.055734
0.384932 0.053233
0.387671 0.050713
0.390411 0.048149
0.393151 0.045563
0.395890 0.042943
0.398630 0.040302
0.401370 0.037624
0.404110 0.034930
0.406849 0.032201
0.409589 0.029451
0.412329 0.026671
0.415068 0.023869
0.417808 0.021032
0.420548 0.018177
0.423288 0.015287
0.426027 0.012373
0.428767 0.009429
0.431507 0.006461
0.434247 0.003461
0.436986 0.000442
0.439726 -0.002606
0.442466 -0.005674
0.445205 -0.008764
0.447945 -0.011866
0.450685 -0.014988
0.453425 -0.018115
0.456164 -0.021249
0.458904 -0.024384
0.461644 -0.027516
0.464384 -0.030635
0.467123 -0.033744
0.469863 -0.036829
0.472603 -0.039888
0.475342 -0.042916
0.478082 -0.045906
0.480822 -0.048847
0.483562 -0.051743
0.486301 -0.054578
0.489041 -0.057351
0.491781 -0.060058
0.494521 -0.062691
0.497260 -0.065243
0.500000 -0.067716
0.502740 -0.070100
0.505479 -0.072393
0.508219 -0.074593
0.510959 -0.076698
0.513699 -0.078702
0.516438 -0.080610
0.519178 -0.082417
0.521918 -0.084125
0.524658 -0.085734
0.527397 -0.087248
0.530137 -0.088664
0.532877 -0.089986
0.535616 -0.091217
0.538356 -0.092360
0.541096 -0.093412
0.543836 -0.094384
0.546575 -0.095273
0.549315 -0.096081
0.552055 -0.096814
0.554795 -0.097478
0.557534 -0.098065
0.560274 -0.098591
0.563014 -0.099057
0.565753 -0.099457
0.568493 -0.099803
0.571233 -0.100104
0.573973 -0.100341
0.576712 -0.100535
0.579452 -0.100688
0.582192 -0.100782
0.584932 -0.100836
0.587671 -0.100858
0.590411 -0.100820
0.593151 -0.100751
0.595890 -0.100654
0.598630 -0.100500
0.601370 -0.100322
0.604110 -0.100123
0.606849 -0.099868
0.609589 -0.099594
0.612329 -0.099304
0.615068 -0.098959
0.617808 -0.098600
0.620548 -0.098228
0.623288 -0.097799
0.626027 -0.097361
0.628767 -0.096910
0.631507 -0.096402
0.634247 -0.095888
0.636986 -0.095361
0.639726 -0.094775
0.642466 -0.094187
0.645205 -0.093585
0.647945 -0.092922
0.650685 -0.092258
0.653425 -0.091580
0.656164 -0.090837
0.658904 -0.090097
0.661644 -0.089340
0.664384 -0.088519
0.667123 -0.087700
0.669863 -0.086865
0.672603 -0.085961
0.675342 -0.085065
0.678082 -0.084149
0.680822 -0.083168
0.683562 -0.082195
0.686301 -0.081205
0.689041 -0.080147
0.691781 -0.079106
0.694521 -0.078047
0.697260 -0.076928
0.700000 -0.075828
0.702740 -0.074718
0.705479 -0.073551
0.708219 -0.072418
0.710959 -0.071276
0.713699 -0.070094
0.716438 -0.068955
0.719178 -0.067823
0.721918 -0.066660
0.724658 -0.065564
0.727397 -0.064483
0.730137 -0.063399
0.732877 -0.062396
0.735616 -0.061435
0.738356 -0.060489
0.741096 -0.059657
0.743836 -0.058878
0.746575 -0.058153
0.749315 -0.057555
0.752055 -0.057041
0.754795 -0.056588
0.757534 -0.056294
0.760274 -0.056073
0.763014 -0.055943
0.765753 -0.055949
0.768493 -0.056045
0.771233 -0.056197
0.773973 -0.056503
0.776712 -0.056837
0.779452 -0.057254
0.782192 -0.057746
0.784932 -0.058296
0.787671 -0.058831
0.790411 -0.059492
0.793151 -0.060076
0.795890 -0.060736
0.798630 -0.061349
0.801370 -0.062020
0.804110 -0.062547
0.806849 -0.063231
0.809589 -0.063681
0.812329 -0.064285
0.815068 -0.064670
0.817808 -0.065220
0.820548 -0.065454
0.823288 -0.065988
0.826027 -0.066097
0.828767 -0.066545
0.831507 -0.066582
0.834247 -0.066971
0.836986 -0.066879
0.839726 -0.067265
0.842466 -0.067079
0.845205 -0.067396
0.847945 -0.067197
0.850685 -0.067457
0.853425 -0.067198
0.856164 -0.067464
0.858904 -0.067172
0.861644 -0.067378
0.864384 -0.067139
0.867123 -0.067286
0.869863 -0.067051
0.872603 -0.067216
0.875342 -0.066989
0.878082 -0.067113
0.880822 -0.066980
0.883562 -0.067060
0.886301 -0.066963
0.889041 -0.067090
0.891781 -0.067015
0.894521 -0.067137
0.897260 -0.067170
0.900000 -0.067274
0.902740 -0.067350
0.905479 -0.067527
0.908219 -0.067616
0.910959 -0.067803
0.913699 -0.067983
0.916438 -0.068151
0.919178 -0.068344
0.921918 -0.068575
0.924658 -0.068752
0.927397 -0.068982
0.930137 -0.069244
0.932877 -0.069508
0.935616 -0.069893
0.938356 -0.070482
0.941096 -0.071361
0.943836 -0.072851
0.946575 -0.075336
0.949315 -0.079309
0.952055 -0.085562
0.954795 -0.095078
0.957534 -0.108909
0.960274 -0.128241
0.963014 -0.154328
0.965753 -0.187873
0.968493 -0.228671
0.971233 -0.275594
0.973973 -0.325075
0.976712 -0.370700
0.979452 -0.405148
0.982192 -0.419446
0.984932 -0.404946
0.987671 -0.358808
0.990411 -0.283128
0.993151 -0.186343
0.995890 -0.080477
0.998630 -0.000138
