title="d2z6      Re=37000     iterations=150001 "
 zone t="d2z6"variables=X,v/U
0.001370 0.000000
0.004110 0.010669
0.006849 0.053627
0.009589 0.095359
0.012329 0.133192
0.015068 0.166008
0.017808 0.192321
0.020548 0.213138
0.023288 0.229239
0.026027 0.240581
0.028767 0.248523
0.031507 0.253355
0.034247 0.254900
0.036986 0.254090
0.039726 0.251244
0.042466 0.246661
0.045205 0.241515
0.047945 0.236384
0.050685 0.231612
0.053425 0.227915
0.056164 0.225310
0.058904 0.223550
0.061644 0.222717
0.064384 0.222485
0.067123 0.222505
0.069863 0.222840
0.072603 0.223306
0.075342 0.223729
0.078082 0.224258
0.080822 0.224814
0.083562 0.225298
0.086301 0.225864
0.089041 0.226463
0.091781 0.227023
0.094521 0.227673
0.097260 0.228386
0.100000 0.229087
0.102740 0.229903
0.105479 0.230792
0.108219 0.231723
0.110959 0.232754
0.113699 0.233932
0.116438 0.235128
0.119178 0.236515
0.121918 0.237974
0.124658 0.239576
0.127397 0.241206
0.130137 0.243024
0.132877 0.244722
0.135616 0.246519
0.138356 0.248130
0.141096 0.249673
0.143836 0.250925
0.146575 0.252097
0.149315 0.252980
0.152055 0.253829
0.154795 0.254568
0.157534 0.255334
0.160274 0.256009
0.163014 0.256730
0.165753 0.257237
0.168493 0.257703
0.171233 0.257899
0.173973 0.258061
0.176712 0.257929
0.179452 0.257910
0.182192 0.257664
0.184932 0.257658
0.187671 0.257551
0.190411 0.257815
0.193151 0.257991
0.195890 0.258632
0.198630 0.259140
0.201370 0.260052
0.204110 0.260746
0.206849 0.261762
0.209589 0.262400
0.212329 0.263303
0.215068 0.263743
0.217808 0.264368
0.220548 0.264514
0.223288 0.264836
0.226027 0.264628
0.228767 0.264627
0.231507 0.264094
0.234247 0.263745
0.236986 0.262878
0.239726 0.262208
0.242466 0.260977
0.245205 0.259963
0.247945 0.258375
0.250685 0.256968
0.253425 0.254978
0.256164 0.253170
0.258904 0.250715
0.261644 0.248460
0.264384 0.245526
0.267123 0.242773
0.269863 0.239318
0.272603 0.236065
0.275342 0.232046
0.278082 0.228265
0.280822 0.223688
0.283562 0.219352
0.286301 0.214197
0.289041 0.209321
0.291781 0.203575
0.294521 0.198154
0.297260 0.191844
0.300000 0.185876
0.302740 0.179012
0.305479 0.172539
0.308219 0.165141
0.310959 0.158187
0.313699 0.150316
0.316438 0.142918
0.319178 0.134623
0.321918 0.126856
0.324658 0.118198
0.327397 0.110119
0.330137 0.101194
0.332877 0.092873
0.335616 0.083757
0.338356 0.075294
0.341096 0.066074
0.343836 0.057546
0.346575 0.048333
0.349315 0.039824
0.352055 0.030701
0.354795 0.022316
0.357534 0.013372
0.360274 0.005183
0.363014 -0.003482
0.365753 -0.011398
0.368493 -0.019719
0.371233 -0.027278
0.373973 -0.035192
0.376712 -0.042344
0.379452 -0.049782
0.382192 -0.056482
0.384932 -0.063411
0.387671 -0.069609
0.390411 -0.076005
0.393151 -0.081682
0.395890 -0.087519
0.398630 -0.092667
0.401370 -0.097944
0.404110 -0.102550
0.406849 -0.107277
0.409589 -0.111354
0.412329 -0.115537
0.415068 -0.119103
0.417808 -0.122764
0.420548 -0.125830
0.423288 -0.128994
0.426027 -0.131585
0.428767 -0.134267
0.431507 -0.136411
0.434247 -0.138638
0.436986 -0.140356
0.439726 -0.142163
0.442466 -0.143498
0.445205 -0.144920
0.447945 -0.145928
0.450685 -0.147023
0.453425 -0.147759
0.456164 -0.148590
0.458904 -0.149118
0.461644 -0.149731
0.464384 -0.150100
0.467123 -0.150536
0.469863 -0.150764
0.472603 -0.151042
0.475342 -0.151140
0.478082 -0.151254
0.480822 -0.151216
0.483562 -0.151157
0.486301 -0.150940
0.489041 -0.150685
0.491781 -0.150237
0.494521 -0.149732
0.497260 -0.149008
0.500000 -0.148234
0.502740 -0.147208
0.505479 -0.146190
0.508219 -0.144903
0.510959 -0.143665
0.513699 -0.142187
0.516438 -0.140777
0.519178 -0.139156
0.521918 -0.137632
0.524658 -0.135928
0.527397 -0.134303
0.530137 -0.132551
0.532877 -0.130827
0.535616 -0.128992
0.538356 -0.127165
0.541096 -0.125236
0.543836 -0.123304
0.546575 -0.121343
0.549315 -0.119411
0.552055 -0.117554
0.554795 -0.115871
0.557534 -0.114433
0.560274 -0.113391
0.563014 -0.112884
0.565753 -0.113039
0.568493 -0.113983
0.571233 -0.115776
0.573973 -0.118366
0.576712 -0.121653
0.579452 -0.125447
0.582192 -0.129496
0.584932 -0.133579
0.587671 -0.137478
0.590411 -0.140985
0.593151 -0.143971
0.595890 -0.146338
0.598630 -0.148007
0.601370 -0.148989
0.604110 -0.149331
0.606849 -0.149078
0.609589 -0.148351
0.612329 -0.147251
0.615068 -0.145846
0.617808 -0.144222
0.620548 -0.142446
0.623288 -0.140503
0.626027 -0.138446
0.628767 -0.136272
0.631507 -0.133965
0.634247 -0.131532
0.636986 -0.129009
0.639726 -0.126339
0.642466 -0.123596
0.645205 -0.120771
0.647945 -0.117885
0.650685 -0.114947
0.653425 -0.112038
0.656164 -0.109088
0.658904 -0.106206
0.661644 -0.103363
0.664384 -0.100591
0.667123 -0.097882
0.669863 -0.095313
0.672603 -0.092790
0.675342 -0.090420
0.678082 -0.088154
0.680822 -0.086013
0.683562 -0.083985
0.686301 -0.082143
0.689041 -0.080381
0.691781 -0.078834
0.694521 -0.077426
0.697260 -0.076230
0.700000 -0.075184
0.702740 -0.074452
0.705479 -0.073804
0.708219 -0.073523
0.710959 -0.073319
0.713699 -0.073451
0.716438 -0.073576
0.719178 -0.074081
0.721918 -0.074410
0.724658 -0.075121
0.727397 -0.075608
0.730137 -0.076401
0.732877 -0.076938
0.735616 -0.077803
0.738356 -0.078344
0.741096 -0.079211
0.743836 -0.079817
0.746575 -0.080650
0.749315 -0.081293
0.752055 -0.082154
0.754795 -0.082814
0.757534 -0.083679
0.760274 -0.084440
0.763014 -0.085319
0.765753 -0.086211
0.768493 -0.087278
0.771233 -0.088407
0.773973 -0.089821
0.776712 -0.091448
0.779452 -0.093346
0.782192 -0.095544
0.784932 -0.097985
0.787671 -0.100536
0.790411 -0.103178
0.793151 -0.105706
0.795890 -0.107977
0.798630 -0.109954
0.801370 -0.111484
0.804110 -0.112498
0.806849 -0.113053
0.809589 -0.113054
0.812329 -0.112502
0.815068 -0.111492
0.817808 -0.109963
0.820548 -0.107981
0.823288 -0.105721
0.826027 -0.103209
0.828767 -0.100602
0.831507 -0.098107
0.834247 -0.095722
0.836986 -0.093533
0.839726 -0.091629
0.842466 -0.089904
0.845205 -0.088381
0.847945 -0.087113
0.850685 -0.085995
0.853425 -0.085079
0.856164 -0.084428
0.858904 -0.083948
0.861644 -0.083691
0.864384 -0.083698
0.867123 -0.083856
0.869863 -0.084207
0.872603 -0.084770
0.875342 -0.085427
0.878082 -0.086223
0.880822 -0.087168
0.883562 -0.088154
0.886301 -0.089231
0.889041 -0.090405
0.891781 -0.091573
0.894521 -0.092787
0.897260 -0.094047
0.900000 -0.095257
0.902740 -0.096466
0.905479 -0.097675
0.908219 -0.098795
0.910959 -0.099873
0.913699 -0.100924
0.916438 -0.101872
0.919178 -0.102764
0.921918 -0.103651
0.924658 -0.104488
0.927397 -0.105341
0.930137 -0.106338
0.932877 -0.107501
0.935616 -0.108957
0.938356 -0.110968
0.941096 -0.113671
0.943836 -0.117292
0.946575 -0.122285
0.949315 -0.128929
0.952055 -0.137581
0.954795 -0.148996
0.957534 -0.163680
0.960274 -0.182212
0.963014 -0.205753
0.965753 -0.234838
0.968493 -0.269357
0.971233 -0.309065
0.973973 -0.351087
0.976712 -0.389320
0.979452 -0.416759
0.982192 -0.424054
0.984932 -0.401896
0.987671 -0.348647
0.990411 -0.267886
0.993151 -0.170412
0.995890 -0.070626
0.998630 -0.000111
