title="d2z6      Re=37000     iterations=60001 "
 zone t="d2z6"variables=X,v/U
0.001370 0.000000
0.004110 0.001469
0.006849 0.007012
0.009589 0.011650
0.012329 0.015784
0.015068 0.019414
0.017808 0.022604
0.020548 0.025529
0.023288 0.028061
0.026027 0.030200
0.028767 0.032111
0.031507 0.033683
0.034247 0.034933
0.036986 0.036040
0.039726 0.036909
0.042466 0.037553
0.045205 0.038149
0.047945 0.038597
0.050685 0.038898
0.053425 0.039215
0.056164 0.039446
0.058904 0.039574
0.061644 0.039755
0.064384 0.039884
0.067123 0.039935
0.069863 0.040056
0.072603 0.040145
0.075342 0.040166
0.078082 0.040265
0.080822 0.040342
0.083562 0.040356
0.086301 0.040449
0.089041 0.040525
0.091781 0.040540
0.094521 0.040633
0.097260 0.040713
0.100000 0.040734
0.102740 0.040829
0.105479 0.040914
0.108219 0.040940
0.110959 0.041038
0.113699 0.041129
0.116438 0.041160
0.119178 0.041261
0.121918 0.041357
0.124658 0.041394
0.127397 0.041497
0.130137 0.041598
0.132877 0.041641
0.135616 0.041746
0.138356 0.041851
0.141096 0.041899
0.143836 0.042006
0.146575 0.042115
0.149315 0.042167
0.152055 0.042275
0.154795 0.042388
0.157534 0.042444
0.160274 0.042554
0.163014 0.042669
0.165753 0.042728
0.168493 0.042838
0.171233 0.042955
0.173973 0.043018
0.176712 0.043127
0.179452 0.043245
0.182192 0.043310
0.184932 0.043419
0.187671 0.043537
0.190411 0.043604
0.193151 0.043711
0.195890 0.043829
0.198630 0.043896
0.201370 0.044002
0.204110 0.044118
0.206849 0.044186
0.209589 0.044289
0.212329 0.044405
0.215068 0.044473
0.217808 0.044575
0.220548 0.044691
0.223288 0.044761
0.226027 0.044863
0.228767 0.044981
0.231507 0.045056
0.234247 0.045163
0.236986 0.045288
0.239726 0.045377
0.242466 0.045498
0.245205 0.045644
0.247945 0.045760
0.250685 0.045918
0.253425 0.046113
0.256164 0.046303
0.258904 0.046555
0.261644 0.046883
0.264384 0.047237
0.267123 0.047694
0.269863 0.048232
0.272603 0.048801
0.275342 0.049401
0.278082 0.050012
0.280822 0.050520
0.283562 0.050961
0.286301 0.051290
0.289041 0.051481
0.291781 0.051552
0.294521 0.051560
0.297260 0.051445
0.300000 0.051311
0.302740 0.051150
0.305479 0.050986
0.308219 0.050833
0.310959 0.050767
0.313699 0.050715
0.316438 0.050772
0.319178 0.050911
0.321918 0.051150
0.324658 0.051473
0.327397 0.051947
0.330137 0.052483
0.332877 0.053154
0.335616 0.053926
0.338356 0.054801
0.341096 0.055748
0.343836 0.056823
0.346575 0.057929
0.349315 0.059126
0.352055 0.060367
0.354795 0.061657
0.357534 0.062946
0.360274 0.064293
0.363014 0.065589
0.365753 0.066896
0.368493 0.068148
0.371233 0.069369
0.373973 0.070481
0.376712 0.071570
0.379452 0.072509
0.382192 0.073392
0.384932 0.074134
0.387671 0.074800
0.390411 0.075298
0.393151 0.075744
0.395890 0.076009
0.398630 0.076207
0.401370 0.076255
0.404110 0.076228
0.406849 0.076048
0.409589 0.075822
0.412329 0.075448
0.415068 0.075023
0.417808 0.074488
0.420548 0.073901
0.423288 0.073211
0.426027 0.072501
0.428767 0.071697
0.431507 0.070872
0.434247 0.069989
0.436986 0.069088
0.439726 0.068135
0.442466 0.067190
0.445205 0.066196
0.447945 0.065208
0.450685 0.064195
0.453425 0.063183
0.456164 0.062142
0.458904 0.061117
0.461644 0.060053
0.464384 0.058996
0.467123 0.057913
0.469863 0.056823
0.472603 0.055700
0.475342 0.054581
0.478082 0.053419
0.480822 0.052259
0.483562 0.051071
0.486301 0.049879
0.489041 0.048663
0.491781 0.047462
0.494521 0.046235
0.497260 0.045031
0.500000 0.043822
0.502740 0.042634
0.505479 0.041449
0.508219 0.040302
0.510959 0.039155
0.513699 0.038052
0.516438 0.036960
0.519178 0.035904
0.521918 0.034862
0.524658 0.033861
0.527397 0.032862
0.530137 0.031904
0.532877 0.030949
0.535616 0.030016
0.538356 0.029083
0.541096 0.028167
0.543836 0.027227
0.546575 0.026291
0.549315 0.025316
0.552055 0.024307
0.554795 0.023232
0.557534 0.022088
0.560274 0.020823
0.563014 0.019448
0.565753 0.017905
0.568493 0.016197
0.571233 0.014295
0.573973 0.012207
0.576712 0.009911
0.579452 0.007452
0.582192 0.004813
0.584932 0.002050
0.587671 -0.000830
0.590411 -0.003776
0.593151 -0.006792
0.595890 -0.009805
0.598630 -0.012857
0.601370 -0.015865
0.604110 -0.018902
0.606849 -0.021853
0.609589 -0.024885
0.612329 -0.027750
0.615068 -0.030796
0.617808 -0.033572
0.620548 -0.036633
0.623288 -0.039309
0.626027 -0.042339
0.628767 -0.044907
0.631507 -0.047786
0.634247 -0.050204
0.636986 -0.052783
0.639726 -0.054920
0.642466 -0.057032
0.645205 -0.058693
0.647945 -0.060143
0.650685 -0.061096
0.653425 -0.061702
0.656164 -0.061728
0.658904 -0.061333
0.661644 -0.060293
0.664384 -0.058799
0.667123 -0.056640
0.669863 -0.054064
0.672603 -0.050837
0.675342 -0.047295
0.678082 -0.043167
0.680822 -0.038872
0.683562 -0.034092
0.686301 -0.029319
0.689041 -0.024200
0.691781 -0.019261
0.694521 -0.014116
0.697260 -0.009350
0.700000 -0.004497
0.702740 -0.000184
0.705479 0.004040
0.708219 0.007665
0.710959 0.011022
0.713699 0.013707
0.716438 0.016054
0.719178 0.017671
0.721918 0.018854
0.724658 0.019410
0.727397 0.019419
0.730137 0.018886
0.732877 0.017888
0.735616 0.016347
0.738356 0.014454
0.741096 0.012168
0.743836 0.009517
0.746575 0.006644
0.749315 0.003512
0.752055 0.000137
0.754795 -0.003342
0.757534 -0.007011
0.760274 -0.010837
0.763014 -0.014711
0.765753 -0.018736
0.768493 -0.022865
0.771233 -0.027003
0.773973 -0.031264
0.776712 -0.035574
0.779452 -0.039863
0.782192 -0.044244
0.784932 -0.048633
0.787671 -0.052984
0.790411 -0.057416
0.793151 -0.061832
0.795890 -0.066210
0.798630 -0.070661
0.801370 -0.075064
0.804110 -0.079410
0.806849 -0.083790
0.809589 -0.088055
0.812329 -0.092212
0.815068 -0.096339
0.817808 -0.100272
0.820548 -0.104055
0.823288 -0.107763
0.826027 -0.111222
0.828767 -0.114520
0.831507 -0.117711
0.834247 -0.120605
0.836986 -0.123324
0.839726 -0.125889
0.842466 -0.128091
0.845205 -0.130088
0.847945 -0.131847
0.850685 -0.133157
0.853425 -0.134194
0.856164 -0.134900
0.858904 -0.135068
0.861644 -0.134933
0.864384 -0.134417
0.867123 -0.133353
0.869863 -0.131998
0.872603 -0.130284
0.875342 -0.128014
0.878082 -0.125497
0.880822 -0.122617
0.883562 -0.119188
0.886301 -0.115529
0.889041 -0.111546
0.891781 -0.106991
0.894521 -0.102302
0.897260 -0.097327
0.900000 -0.091822
0.902740 -0.086306
0.905479 -0.080644
0.908219 -0.074469
0.910959 -0.068541
0.913699 -0.062630
0.916438 -0.056266
0.919178 -0.050462
0.921918 -0.045000
0.924658 -0.039056
0.927397 -0.034129
0.930137 -0.030048
0.932877 -0.025520
0.935616 -0.022369
0.938356 -0.021160
0.941096 -0.019691
0.943836 -0.020518
0.946575 -0.025184
0.949315 -0.035417
0.952055 -0.060556
0.954795 -0.105407
0.957534 -0.157651
0.960274 -0.209572
0.963014 -0.257028
0.965753 -0.298452
0.968493 -0.327891
0.971233 -0.340700
0.973973 -0.333586
0.976712 -0.303223
0.979452 -0.253826
0.982192 -0.190108
0.984932 -0.123958
0.987671 -0.057281
0.990411 0.017385
0.993151 0.078598
0.995890 0.082689
0.998630 0.000516
