title="d2z6      Re=37000     iterations=80001 "
 zone t="d2z6"variables=X,v/U
0.001370 0.000000
0.004110 -0.005166
0.006849 -0.024899
0.009589 -0.037883
0.012329 -0.043898
0.015068 -0.046429
0.017808 -0.048207
0.020548 -0.050532
0.023288 -0.053385
0.026027 -0.056134
0.028767 -0.058475
0.031507 -0.060024
0.034247 -0.060115
0.036986 -0.058309
0.039726 -0.054321
0.042466 -0.048046
0.045205 -0.040094
0.047945 -0.031295
0.050685 -0.022435
0.053425 -0.014080
0.056164 -0.006327
0.058904 0.000977
0.061644 0.008264
0.064384 0.016003
0.067123 0.024380
0.069863 0.033632
0.072603 0.043834
0.075342 0.054731
0.078082 0.066195
0.080822 0.077950
0.083562 0.089514
0.086301 0.100958
0.089041 0.112720
0.091781 0.125312
0.094521 0.139332
0.097260 0.154844
0.100000 0.171308
0.102740 0.188294
0.105479 0.205353
0.108219 0.221965
0.110959 0.237909
0.113699 0.252954
0.116438 0.266726
0.119178 0.279124
0.121918 0.290179
0.124658 0.300040
0.127397 0.309065
0.130137 0.317218
0.132877 0.323918
0.135616 0.328808
0.138356 0.332076
0.141096 0.334298
0.143836 0.336121
0.146575 0.337771
0.149315 0.339057
0.152055 0.339888
0.154795 0.340276
0.157534 0.340179
0.160274 0.339524
0.163014 0.338203
0.165753 0.336158
0.168493 0.333692
0.171233 0.331309
0.173973 0.329503
0.176712 0.328580
0.179452 0.328587
0.182192 0.329258
0.184932 0.330362
0.187671 0.331666
0.190411 0.333029
0.193151 0.334339
0.195890 0.335594
0.198630 0.336704
0.201370 0.337695
0.204110 0.338534
0.206849 0.339238
0.209589 0.339765
0.212329 0.340175
0.215068 0.340384
0.217808 0.340456
0.220548 0.340292
0.223288 0.339973
0.226027 0.339332
0.228767 0.338537
0.231507 0.337353
0.234247 0.336008
0.236986 0.334232
0.239726 0.332307
0.242466 0.329885
0.245205 0.327316
0.247945 0.324181
0.250685 0.320860
0.253425 0.316905
0.256164 0.312729
0.258904 0.307849
0.261644 0.302713
0.264384 0.296835
0.267123 0.290634
0.269863 0.283678
0.272603 0.276329
0.275342 0.268218
0.278082 0.259665
0.280822 0.250366
0.283562 0.240603
0.286301 0.230126
0.289041 0.219204
0.291781 0.207606
0.294521 0.195615
0.297260 0.183026
0.300000 0.170112
0.302740 0.156718
0.305479 0.143096
0.308219 0.129122
0.310959 0.115055
0.313699 0.100774
0.316438 0.086541
0.319178 0.072243
0.321918 0.058142
0.324658 0.044114
0.327397 0.030434
0.330137 0.016959
0.332877 0.003954
0.335616 -0.008716
0.338356 -0.020817
0.341096 -0.032494
0.343836 -0.043516
0.346575 -0.054060
0.349315 -0.063903
0.352055 -0.073236
0.354795 -0.081849
0.357534 -0.089962
0.360274 -0.097343
0.363014 -0.104271
0.365753 -0.110475
0.368493 -0.116297
0.371233 -0.121416
0.373973 -0.126246
0.376712 -0.130402
0.379452 -0.134352
0.382192 -0.137665
0.384932 -0.140816
0.387671 -0.143365
0.390411 -0.145763
0.393151 -0.147584
0.395890 -0.149243
0.398630 -0.150358
0.401370 -0.151313
0.404110 -0.151789
0.406849 -0.152169
0.409589 -0.152183
0.412329 -0.152216
0.415068 -0.152036
0.417808 -0.152012
0.420548 -0.151931
0.423288 -0.152142
0.426027 -0.152422
0.428767 -0.153035
0.431507 -0.153700
0.434247 -0.154575
0.436986 -0.155422
0.439726 -0.156452
0.442466 -0.157535
0.445205 -0.158814
0.447945 -0.160032
0.450685 -0.161089
0.453425 -0.161654
0.456164 -0.161688
0.458904 -0.161087
0.461644 -0.160043
0.464384 -0.158648
0.467123 -0.157130
0.469863 -0.155536
0.472603 -0.153994
0.475342 -0.152429
0.478082 -0.150904
0.480822 -0.149315
0.483562 -0.147727
0.486301 -0.146052
0.489041 -0.144409
0.491781 -0.142694
0.494521 -0.141066
0.497260 -0.139392
0.500000 -0.137848
0.502740 -0.136256
0.505479 -0.134835
0.508219 -0.133342
0.510959 -0.132041
0.513699 -0.130658
0.516438 -0.129472
0.519178 -0.128190
0.521918 -0.127121
0.524658 -0.125940
0.527397 -0.124972
0.530137 -0.123903
0.532877 -0.123029
0.535616 -0.122066
0.538356 -0.121291
0.541096 -0.120432
0.543836 -0.119745
0.546575 -0.119000
0.549315 -0.118394
0.552055 -0.117750
0.554795 -0.117230
0.557534 -0.116675
0.560274 -0.116227
0.563014 -0.115771
0.565753 -0.115402
0.568493 -0.115055
0.571233 -0.114812
0.573973 -0.114607
0.576712 -0.114515
0.579452 -0.114476
0.582192 -0.114505
0.584932 -0.114555
0.587671 -0.114609
0.590411 -0.114577
0.593151 -0.114447
0.595890 -0.114129
0.598630 -0.113579
0.601370 -0.112751
0.604110 -0.111615
0.606849 -0.110125
0.609589 -0.108322
0.612329 -0.106188
0.615068 -0.103774
0.617808 -0.101133
0.620548 -0.098337
0.623288 -0.095442
0.626027 -0.092595
0.628767 -0.089871
0.631507 -0.087440
0.634247 -0.085444
0.636986 -0.084023
0.639726 -0.083239
0.642466 -0.083149
0.645205 -0.083652
0.647945 -0.084664
0.650685 -0.086062
0.653425 -0.087722
0.656164 -0.089537
0.658904 -0.091461
0.661644 -0.093402
0.664384 -0.095323
0.667123 -0.097189
0.669863 -0.098958
0.672603 -0.100583
0.675342 -0.102082
0.678082 -0.103385
0.680822 -0.104496
0.683562 -0.105393
0.686301 -0.106060
0.689041 -0.106439
0.691781 -0.106583
0.694521 -0.106393
0.697260 -0.105920
0.700000 -0.105111
0.702740 -0.104022
0.705479 -0.102559
0.708219 -0.100878
0.710959 -0.098832
0.713699 -0.096595
0.716438 -0.094055
0.719178 -0.091389
0.721918 -0.088431
0.724658 -0.085458
0.727397 -0.082236
0.730137 -0.079043
0.732877 -0.075696
0.735616 -0.072438
0.738356 -0.069054
0.741096 -0.065868
0.743836 -0.062603
0.746575 -0.059563
0.749315 -0.056546
0.752055 -0.053784
0.754795 -0.051066
0.757534 -0.048686
0.760274 -0.046363
0.763014 -0.044374
0.765753 -0.042512
0.768493 -0.040962
0.771233 -0.039523
0.773973 -0.038437
0.776712 -0.037421
0.779452 -0.036725
0.782192 -0.036125
0.784932 -0.035787
0.787671 -0.035506
0.790411 -0.035505
0.793151 -0.035493
0.795890 -0.035719
0.798630 -0.035940
0.801370 -0.036322
0.804110 -0.036645
0.806849 -0.037128
0.809589 -0.037462
0.812329 -0.037904
0.815068 -0.038191
0.817808 -0.038511
0.820548 -0.038636
0.823288 -0.038811
0.826027 -0.038734
0.828767 -0.038690
0.831507 -0.038431
0.834247 -0.038157
0.836986 -0.037668
0.839726 -0.037209
0.842466 -0.036493
0.845205 -0.035814
0.847945 -0.034934
0.850685 -0.034046
0.853425 -0.032986
0.856164 -0.031973
0.858904 -0.030753
0.861644 -0.029622
0.864384 -0.028348
0.867123 -0.027132
0.869863 -0.025826
0.872603 -0.024644
0.875342 -0.023335
0.878082 -0.022213
0.880822 -0.021018
0.883562 -0.019973
0.886301 -0.018902
0.889041 -0.018040
0.891781 -0.017083
0.894521 -0.016397
0.897260 -0.015643
0.900000 -0.015112
0.902740 -0.014527
0.905479 -0.014237
0.908219 -0.013785
0.910959 -0.013694
0.913699 -0.013436
0.916438 -0.013515
0.919178 -0.013360
0.921918 -0.013651
0.924658 -0.013510
0.927397 -0.013861
0.930137 -0.013679
0.932877 -0.013940
0.935616 -0.013589
0.938356 -0.013999
0.941096 -0.014464
0.943836 -0.017181
0.946575 -0.022586
0.949315 -0.032863
0.952055 -0.047881
0.954795 -0.067767
0.957534 -0.091413
0.960274 -0.119019
0.963014 -0.151626
0.965753 -0.190258
0.968493 -0.234790
0.971233 -0.283675
0.973973 -0.332857
0.976712 -0.375393
0.979452 -0.403790
0.982192 -0.409744
0.984932 -0.386134
0.987671 -0.332829
0.990411 -0.254973
0.993151 -0.163029
0.995890 -0.068790
0.998630 -0.000109
