title="d2z6      Re=37000     iterations=70001 "
 zone t="d2z6"variables=X,v/U
0.001370 0.000000
0.004110 0.003887
0.006849 0.017848
0.009589 0.028869
0.012329 0.037916
0.015068 0.045387
0.017808 0.051568
0.020548 0.056857
0.023288 0.061293
0.026027 0.064941
0.028767 0.068087
0.031507 0.070688
0.034247 0.072765
0.036986 0.074568
0.039726 0.076023
0.042466 0.077133
0.045205 0.078121
0.047945 0.078892
0.050685 0.079440
0.053425 0.079962
0.056164 0.080351
0.058904 0.080593
0.061644 0.080866
0.064384 0.081055
0.067123 0.081145
0.069863 0.081292
0.072603 0.081386
0.075342 0.081404
0.078082 0.081492
0.080822 0.081541
0.083562 0.081528
0.086301 0.081587
0.089041 0.081614
0.091781 0.081586
0.094521 0.081628
0.097260 0.081641
0.100000 0.081603
0.102740 0.081631
0.105479 0.081632
0.108219 0.081583
0.110959 0.081596
0.113699 0.081583
0.116438 0.081523
0.119178 0.081518
0.121918 0.081489
0.124658 0.081415
0.127397 0.081390
0.130137 0.081344
0.132877 0.081253
0.135616 0.081207
0.138356 0.081141
0.141096 0.081031
0.143836 0.080961
0.146575 0.080875
0.149315 0.080745
0.152055 0.080651
0.154795 0.080542
0.157534 0.080391
0.160274 0.080272
0.163014 0.080141
0.165753 0.079968
0.168493 0.079825
0.171233 0.079671
0.173973 0.079477
0.176712 0.079310
0.179452 0.079134
0.182192 0.078920
0.184932 0.078731
0.187671 0.078535
0.190411 0.078301
0.193151 0.078092
0.195890 0.077877
0.198630 0.077626
0.201370 0.077398
0.204110 0.077165
0.206849 0.076899
0.209589 0.076655
0.212329 0.076407
0.215068 0.076128
0.217808 0.075869
0.220548 0.075608
0.223288 0.075318
0.226027 0.075046
0.228767 0.074774
0.231507 0.074474
0.234247 0.074191
0.236986 0.073909
0.239726 0.073600
0.242466 0.073308
0.245205 0.073016
0.247945 0.072700
0.250685 0.072399
0.253425 0.072098
0.256164 0.071775
0.258904 0.071465
0.261644 0.071156
0.264384 0.070825
0.267123 0.070507
0.269863 0.070188
0.272603 0.069850
0.275342 0.069522
0.278082 0.069195
0.280822 0.068846
0.283562 0.068509
0.286301 0.068171
0.289041 0.067814
0.291781 0.067464
0.294521 0.067115
0.297260 0.066746
0.300000 0.066386
0.302740 0.066022
0.305479 0.065642
0.308219 0.065267
0.310959 0.064891
0.313699 0.064495
0.316438 0.064106
0.319178 0.063712
0.321918 0.063303
0.324658 0.062896
0.327397 0.062487
0.330137 0.062059
0.332877 0.061637
0.335616 0.061207
0.338356 0.060764
0.341096 0.060322
0.343836 0.059876
0.346575 0.059414
0.349315 0.058956
0.352055 0.058490
0.354795 0.058014
0.357534 0.057538
0.360274 0.057059
0.363014 0.056567
0.365753 0.056080
0.368493 0.055588
0.371233 0.055089
0.373973 0.054593
0.376712 0.054096
0.379452 0.053593
0.382192 0.053098
0.384932 0.052602
0.387671 0.052106
0.390411 0.051619
0.393151 0.051137
0.395890 0.050658
0.398630 0.050194
0.401370 0.049737
0.404110 0.049290
0.406849 0.048862
0.409589 0.048449
0.412329 0.048052
0.415068 0.047680
0.417808 0.047329
0.420548 0.047003
0.423288 0.046708
0.426027 0.046442
0.428767 0.046209
0.431507 0.046015
0.434247 0.045855
0.436986 0.045737
0.439726 0.045660
0.442466 0.045626
0.445205 0.045633
0.447945 0.045689
0.450685 0.045779
0.453425 0.045918
0.456164 0.046090
0.458904 0.046300
0.461644 0.046537
0.464384 0.046807
0.467123 0.047083
0.469863 0.047384
0.472603 0.047678
0.475342 0.047973
0.478082 0.048246
0.480822 0.048504
0.483562 0.048709
0.486301 0.048888
0.489041 0.048992
0.491781 0.049042
0.494521 0.049004
0.497260 0.048895
0.500000 0.048672
0.502740 0.048373
0.505479 0.047949
0.508219 0.047432
0.510959 0.046794
0.513699 0.046064
0.516438 0.045206
0.519178 0.044275
0.521918 0.043228
0.524658 0.042116
0.527397 0.040920
0.530137 0.039685
0.532877 0.038386
0.535616 0.037093
0.538356 0.035773
0.541096 0.034486
0.543836 0.033224
0.546575 0.032033
0.549315 0.030890
0.552055 0.029857
0.554795 0.028881
0.557534 0.027989
0.560274 0.027120
0.563014 0.026234
0.565753 0.025198
0.568493 0.023932
0.571233 0.022245
0.573973 0.020073
0.576712 0.017371
0.579452 0.014262
0.582192 0.010894
0.584932 0.007541
0.587671 0.004338
0.590411 0.001433
0.593151 -0.001195
0.595890 -0.003564
0.598630 -0.005802
0.601370 -0.007926
0.604110 -0.010042
0.606849 -0.012118
0.609589 -0.014192
0.612329 -0.016197
0.615068 -0.018170
0.617808 -0.020029
0.620548 -0.021836
0.623288 -0.023535
0.626027 -0.025198
0.628767 -0.026776
0.631507 -0.028374
0.634247 -0.029917
0.636986 -0.031534
0.639726 -0.033136
0.642466 -0.034855
0.645205 -0.036577
0.647945 -0.038467
0.650685 -0.040357
0.653425 -0.042441
0.656164 -0.044521
0.658904 -0.046803
0.661644 -0.049046
0.664384 -0.051500
0.667123 -0.053866
0.669863 -0.056437
0.672603 -0.058886
0.675342 -0.061540
0.678082 -0.064044
0.680822 -0.066786
0.683562 -0.069363
0.686301 -0.072199
0.689041 -0.074833
0.691781 -0.077663
0.694521 -0.080125
0.697260 -0.082567
0.700000 -0.084341
0.702740 -0.085823
0.705479 -0.086463
0.708219 -0.086802
0.710959 -0.086489
0.713699 -0.086176
0.716438 -0.085548
0.719178 -0.085135
0.721918 -0.084546
0.724658 -0.084175
0.727397 -0.083667
0.730137 -0.083388
0.732877 -0.083070
0.735616 -0.083006
0.738356 -0.082962
0.741096 -0.083123
0.743836 -0.083293
0.746575 -0.083602
0.749315 -0.083921
0.752055 -0.084347
0.754795 -0.084810
0.757534 -0.085371
0.760274 -0.085978
0.763014 -0.086662
0.765753 -0.087375
0.768493 -0.088113
0.771233 -0.088842
0.773973 -0.089548
0.776712 -0.090190
0.779452 -0.090765
0.782192 -0.091252
0.784932 -0.091642
0.787671 -0.091935
0.790411 -0.092145
0.793151 -0.092263
0.795890 -0.092322
0.798630 -0.092322
0.801370 -0.092286
0.804110 -0.092202
0.806849 -0.092132
0.809589 -0.091999
0.812329 -0.091907
0.815068 -0.091753
0.817808 -0.091669
0.820548 -0.091470
0.823288 -0.091424
0.826027 -0.091178
0.828767 -0.091135
0.831507 -0.090843
0.834247 -0.090799
0.836986 -0.090404
0.839726 -0.090366
0.842466 -0.089872
0.845205 -0.089782
0.847945 -0.089221
0.850685 -0.089062
0.853425 -0.088385
0.856164 -0.088147
0.858904 -0.087344
0.861644 -0.086941
0.864384 -0.086046
0.867123 -0.085483
0.869863 -0.084501
0.872603 -0.083882
0.875342 -0.082916
0.878082 -0.082298
0.880822 -0.081488
0.883562 -0.080960
0.886301 -0.080310
0.889041 -0.079930
0.891781 -0.079420
0.894521 -0.079059
0.897260 -0.078555
0.900000 -0.077958
0.902740 -0.077009
0.905479 -0.075683
0.908219 -0.073658
0.910959 -0.070877
0.913699 -0.067165
0.916438 -0.062484
0.919178 -0.056901
0.921918 -0.050662
0.924658 -0.044051
0.927397 -0.037780
0.930137 -0.032600
0.932877 -0.029576
0.935616 -0.029722
0.938356 -0.033650
0.941096 -0.041147
0.943836 -0.051502
0.946575 -0.063655
0.949315 -0.076953
0.952055 -0.091178
0.954795 -0.106664
0.957534 -0.124083
0.960274 -0.144408
0.963014 -0.169306
0.965753 -0.200196
0.968493 -0.237644
0.971233 -0.281220
0.973973 -0.327077
0.976712 -0.367685
0.979452 -0.395183
0.982192 -0.401007
0.984932 -0.377238
0.987671 -0.322875
0.990411 -0.242231
0.993151 -0.149646
0.995890 -0.061915
0.998630 -0.000100
