title="d2z6      Re=37000     iterations=160001 "
 zone t="d2z6"variables=X,v/U
0.001370 0.000000
0.004110 0.013266
0.006849 0.065689
0.009589 0.110505
0.012329 0.143694
0.015068 0.164815
0.017808 0.176041
0.020548 0.181065
0.023288 0.182287
0.026027 0.181321
0.028767 0.179847
0.031507 0.178280
0.034247 0.176691
0.036986 0.175593
0.039726 0.174799
0.042466 0.174085
0.045205 0.173758
0.047945 0.173616
0.050685 0.173473
0.053425 0.173603
0.056164 0.173848
0.058904 0.174067
0.061644 0.174497
0.064384 0.175014
0.067123 0.175504
0.069863 0.176168
0.072603 0.176885
0.075342 0.177569
0.078082 0.178339
0.080822 0.179102
0.083562 0.179732
0.086301 0.180324
0.089041 0.180746
0.091781 0.180919
0.094521 0.180838
0.097260 0.180487
0.100000 0.179702
0.102740 0.178613
0.105479 0.177133
0.108219 0.175270
0.110959 0.173068
0.113699 0.170620
0.116438 0.167842
0.119178 0.164942
0.121918 0.161904
0.124658 0.158782
0.127397 0.155671
0.130137 0.152648
0.132877 0.149660
0.135616 0.146865
0.138356 0.144231
0.141096 0.141757
0.143836 0.139497
0.146575 0.137469
0.149315 0.135577
0.152055 0.133935
0.154795 0.132461
0.157534 0.131158
0.160274 0.130004
0.163014 0.129067
0.165753 0.128184
0.168493 0.127507
0.171233 0.126909
0.173973 0.126458
0.176712 0.126042
0.179452 0.125825
0.182192 0.125574
0.184932 0.125483
0.187671 0.125394
0.190411 0.125425
0.193151 0.125388
0.195890 0.125520
0.198630 0.125539
0.201370 0.125666
0.204110 0.125699
0.206849 0.125831
0.209589 0.125754
0.212329 0.125805
0.215068 0.125561
0.217808 0.125307
0.220548 0.124677
0.223288 0.123966
0.226027 0.122730
0.228767 0.121451
0.231507 0.119766
0.234247 0.118104
0.236986 0.116330
0.239726 0.114813
0.242466 0.113360
0.245205 0.112319
0.247945 0.111495
0.250685 0.111001
0.253425 0.110751
0.256164 0.110807
0.258904 0.110986
0.261644 0.111446
0.264384 0.112009
0.267123 0.112744
0.269863 0.113529
0.272603 0.114450
0.275342 0.115231
0.278082 0.116008
0.280822 0.116481
0.283562 0.116654
0.286301 0.116304
0.289041 0.115491
0.291781 0.114035
0.294521 0.112173
0.297260 0.109961
0.300000 0.107651
0.302740 0.105428
0.305479 0.103510
0.308219 0.101920
0.310959 0.100746
0.313699 0.099939
0.316438 0.099427
0.319178 0.099147
0.321918 0.099046
0.324658 0.099027
0.327397 0.099069
0.330137 0.099137
0.332877 0.099190
0.335616 0.099222
0.338356 0.099236
0.341096 0.099203
0.343836 0.099136
0.346575 0.099039
0.349315 0.098899
0.352055 0.098723
0.354795 0.098523
0.357534 0.098285
0.360274 0.098017
0.363014 0.097725
0.365753 0.097402
0.368493 0.097051
0.371233 0.096679
0.373973 0.096276
0.376712 0.095848
0.379452 0.095395
0.382192 0.094914
0.384932 0.094402
0.387671 0.093865
0.390411 0.093294
0.393151 0.092692
0.395890 0.092054
0.398630 0.091383
0.401370 0.090669
0.404110 0.089919
0.406849 0.089120
0.409589 0.088277
0.412329 0.087380
0.415068 0.086432
0.417808 0.085418
0.420548 0.084346
0.423288 0.083197
0.426027 0.081977
0.428767 0.080666
0.431507 0.079271
0.434247 0.077770
0.436986 0.076169
0.439726 0.074447
0.442466 0.072614
0.445205 0.070645
0.447945 0.068558
0.450685 0.066332
0.453425 0.063986
0.456164 0.061507
0.458904 0.058926
0.461644 0.056230
0.464384 0.053461
0.467123 0.050614
0.469863 0.047735
0.472603 0.044824
0.475342 0.041932
0.478082 0.039052
0.480822 0.036235
0.483562 0.033471
0.486301 0.030798
0.489041 0.028196
0.491781 0.025696
0.494521 0.023263
0.497260 0.020924
0.500000 0.018641
0.502740 0.016430
0.505479 0.014257
0.508219 0.012144
0.510959 0.010054
0.513699 0.008014
0.516438 0.005996
0.519178 0.004025
0.521918 0.002075
0.524658 0.000180
0.527397 -0.001691
0.530137 -0.003506
0.532877 -0.005287
0.535616 -0.007006
0.538356 -0.008693
0.541096 -0.010310
0.543836 -0.011890
0.546575 -0.013402
0.549315 -0.014872
0.552055 -0.016270
0.554795 -0.017633
0.557534 -0.018918
0.560274 -0.020165
0.563014 -0.021346
0.565753 -0.022486
0.568493 -0.023554
0.571233 -0.024598
0.573973 -0.025568
0.576712 -0.026511
0.579452 -0.027397
0.582192 -0.028257
0.584932 -0.029055
0.587671 -0.029849
0.590411 -0.030580
0.593151 -0.031301
0.595890 -0.031983
0.598630 -0.032656
0.601370 -0.033279
0.604110 -0.033922
0.606849 -0.034511
0.609589 -0.035106
0.612329 -0.035680
0.615068 -0.036257
0.617808 -0.036790
0.620548 -0.037364
0.623288 -0.037885
0.626027 -0.038423
0.628767 -0.038946
0.631507 -0.039475
0.634247 -0.039954
0.636986 -0.040485
0.639726 -0.040946
0.642466 -0.041427
0.645205 -0.041885
0.647945 -0.042355
0.650685 -0.042770
0.653425 -0.043275
0.656164 -0.043723
0.658904 -0.044262
0.661644 -0.044838
0.664384 -0.045539
0.667123 -0.046283
0.669863 -0.047290
0.672603 -0.048365
0.675342 -0.049745
0.678082 -0.051313
0.680822 -0.053240
0.683562 -0.055349
0.686301 -0.057959
0.689041 -0.060722
0.691781 -0.063990
0.694521 -0.067454
0.697260 -0.071404
0.700000 -0.075454
0.702740 -0.080053
0.705479 -0.084637
0.708219 -0.089699
0.710959 -0.094735
0.713699 -0.100141
0.716438 -0.105413
0.719178 -0.111027
0.721918 -0.116397
0.724658 -0.121968
0.727397 -0.127304
0.730137 -0.132672
0.732877 -0.137745
0.735616 -0.142784
0.738356 -0.147459
0.741096 -0.151976
0.743836 -0.156166
0.746575 -0.160072
0.749315 -0.163635
0.752055 -0.166914
0.754795 -0.169808
0.757534 -0.172401
0.760274 -0.174656
0.763014 -0.176599
0.765753 -0.178200
0.768493 -0.179604
0.771233 -0.180604
0.773973 -0.181517
0.776712 -0.182036
0.779452 -0.182532
0.782192 -0.182617
0.784932 -0.182805
0.787671 -0.182498
0.790411 -0.182381
0.793151 -0.181776
0.795890 -0.181348
0.798630 -0.180490
0.801370 -0.179886
0.804110 -0.178887
0.806849 -0.178248
0.809589 -0.177369
0.812329 -0.176827
0.815068 -0.176211
0.817808 -0.175952
0.820548 -0.175621
0.823288 -0.175662
0.826027 -0.175682
0.828767 -0.175898
0.831507 -0.176145
0.834247 -0.176493
0.836986 -0.176715
0.839726 -0.177013
0.842466 -0.177153
0.845205 -0.177166
0.847945 -0.177097
0.850685 -0.176872
0.853425 -0.176418
0.856164 -0.175912
0.858904 -0.175187
0.861644 -0.174243
0.864384 -0.173217
0.867123 -0.171957
0.869863 -0.170438
0.872603 -0.168834
0.875342 -0.166976
0.878082 -0.164903
0.880822 -0.162831
0.883562 -0.160646
0.886301 -0.158459
0.889041 -0.156517
0.891781 -0.154695
0.894521 -0.153092
0.897260 -0.151853
0.900000 -0.150773
0.902740 -0.149887
0.905479 -0.149269
0.908219 -0.148711
0.910959 -0.148273
0.913699 -0.148026
0.916438 -0.147787
0.919178 -0.147606
0.921918 -0.147521
0.924658 -0.147329
0.927397 -0.147074
0.930137 -0.146808
0.932877 -0.146385
0.935616 -0.145922
0.938356 -0.145564
0.941096 -0.145276
0.943836 -0.145304
0.946575 -0.145983
0.949315 -0.147565
0.952055 -0.150701
0.954795 -0.156367
0.957534 -0.165631
0.960274 -0.179941
0.963014 -0.201020
0.965753 -0.229988
0.968493 -0.266843
0.971233 -0.310502
0.973973 -0.357125
0.976712 -0.399815
0.979452 -0.431222
0.982192 -0.442331
0.984932 -0.424023
0.987671 -0.373417
0.990411 -0.292192
0.993151 -0.189230
0.995890 -0.079693
0.998630 -0.000121
