title="d2z6      Re=80000     iterations=20001 "
 zone t="d2z6"variables=u/U,Y
-0.000017 0.000000
-0.001037 0.002283
-0.002901 0.004566
-0.004206 0.006849
-0.005132 0.009132
-0.005699 0.011416
-0.006104 0.013699
-0.006320 0.015982
-0.006493 0.018265
-0.006558 0.020548
-0.006632 0.022831
-0.006638 0.025114
-0.006686 0.027397
-0.006678 0.029680
-0.006712 0.031963
-0.006693 0.034247
-0.006716 0.036530
-0.006695 0.038813
-0.006729 0.041096
-0.006714 0.043379
-0.006745 0.045662
-0.006725 0.047945
-0.006746 0.050228
-0.006728 0.052511
-0.006763 0.054795
-0.006752 0.057078
-0.006784 0.059361
-0.006767 0.061644
-0.006788 0.063927
-0.006773 0.066210
-0.006809 0.068493
-0.006801 0.070776
-0.006835 0.073059
-0.006821 0.075342
-0.006842 0.077626
-0.006830 0.079909
-0.006867 0.082192
-0.006862 0.084475
-0.006897 0.086758
-0.006886 0.089041
-0.006908 0.091324
-0.006898 0.093607
-0.006936 0.095890
-0.006934 0.098174
-0.006971 0.100457
-0.006962 0.102740
-0.006986 0.105023
-0.006978 0.107306
-0.007017 0.109589
-0.007018 0.111872
-0.007056 0.114155
-0.007050 0.116438
-0.007076 0.118721
-0.007070 0.121005
-0.007110 0.123288
-0.007113 0.125571
-0.007153 0.127854
-0.007149 0.130137
-0.007177 0.132420
-0.007172 0.134703
-0.007214 0.136986
-0.007219 0.139269
-0.007261 0.141553
-0.007259 0.143836
-0.007290 0.146119
-0.007286 0.148402
-0.007330 0.150685
-0.007336 0.152968
-0.007380 0.155251
-0.007380 0.157534
-0.007414 0.159817
-0.007411 0.162100
-0.007457 0.164384
-0.007464 0.166667
-0.007510 0.168950
-0.007512 0.171233
-0.007549 0.173516
-0.007547 0.175799
-0.007595 0.178082
-0.007603 0.180365
-0.007650 0.182648
-0.007654 0.184932
-0.007695 0.187215
-0.007693 0.189498
-0.007744 0.191781
-0.007753 0.194064
-0.007800 0.196347
-0.007807 0.198630
-0.007850 0.200913
-0.007850 0.203196
-0.007902 0.205479
-0.007912 0.207763
-0.007960 0.210046
-0.007970 0.212329
-0.008015 0.214612
-0.008017 0.216895
-0.008070 0.219178
-0.008081 0.221461
-0.008129 0.223744
-0.008143 0.226027
-0.008189 0.228311
-0.008193 0.230594
-0.008247 0.232877
-0.008259 0.235160
-0.008306 0.237443
-0.008323 0.239726
-0.008370 0.242009
-0.008377 0.244292
-0.008431 0.246575
-0.008444 0.248858
-0.008489 0.251142
-0.008510 0.253425
-0.008557 0.255708
-0.008566 0.257991
-0.008621 0.260274
-0.008634 0.262557
-0.008677 0.264840
-0.008701 0.267123
-0.008747 0.269406
-0.008760 0.271689
-0.008814 0.273973
-0.008826 0.276256
-0.008868 0.278539
-0.008894 0.280822
-0.008939 0.283105
-0.008954 0.285388
-0.009006 0.287671
-0.009019 0.289954
-0.009058 0.292237
-0.009086 0.294521
-0.009128 0.296804
-0.009146 0.299087
-0.009196 0.301370
-0.009209 0.303653
-0.009244 0.305936
-0.009273 0.308219
-0.009313 0.310502
-0.009333 0.312785
-0.009380 0.315068
-0.009392 0.317352
-0.009423 0.319635
-0.009453 0.321918
-0.009488 0.324201
-0.009512 0.326484
-0.009555 0.328767
-0.009566 0.331050
-0.009592 0.333333
-0.009623 0.335616
-0.009652 0.337900
-0.009678 0.340183
-0.009716 0.342466
-0.009727 0.344749
-0.009747 0.347032
-0.009777 0.349315
-0.009800 0.351598
-0.009828 0.353881
-0.009860 0.356164
-0.009869 0.358447
-0.009883 0.360731
-0.009912 0.363014
-0.009929 0.365297
-0.009956 0.367580
-0.009982 0.369863
-0.009989 0.372146
-0.009995 0.374429
-0.010023 0.376712
-0.010033 0.378995
-0.010058 0.381279
-0.010077 0.383562
-0.010082 0.385845
-0.010079 0.388128
-0.010106 0.390411
-0.010108 0.392694
-0.010129 0.394977
-0.010141 0.397260
-0.010141 0.399543
-0.010129 0.401826
-0.010156 0.404110
-0.010148 0.406393
-0.010163 0.408676
-0.010167 0.410959
-0.010162 0.413242
-0.010138 0.415525
-0.010165 0.417808
-0.010146 0.420091
-0.010155 0.422374
-0.010152 0.424658
-0.010136 0.426941
-0.010102 0.429224
-0.010129 0.431507
-0.010098 0.433790
-0.010099 0.436073
-0.010088 0.438356
-0.010058 0.440639
-0.010015 0.442922
-0.010040 0.445205
-0.009995 0.447489
-0.009989 0.449772
-0.009972 0.452055
-0.009923 0.454338
-0.009873 0.456621
-0.009893 0.458904
-0.009832 0.461187
-0.009822 0.463470
-0.009796 0.465753
-0.009727 0.468037
-0.009673 0.470320
-0.009682 0.472603
-0.009606 0.474886
-0.009592 0.477169
-0.009557 0.479452
-0.009467 0.481735
-0.009411 0.484018
-0.009403 0.486301
-0.009313 0.488584
-0.009296 0.490868
-0.009251 0.493151
-0.009141 0.495434
-0.009086 0.497717
-0.009053 0.500000
-0.008953 0.502283
-0.008932 0.504566
-0.008877 0.506849
-0.008748 0.509132
-0.008697 0.511416
-0.008633 0.513699
-0.008524 0.515982
-0.008497 0.518265
-0.008433 0.520548
-0.008288 0.522831
-0.008244 0.525114
-0.008143 0.527397
-0.008029 0.529680
-0.007993 0.531963
-0.007921 0.534247
-0.007766 0.536530
-0.007728 0.538813
-0.007587 0.541096
-0.007471 0.543379
-0.007424 0.545662
-0.007346 0.547945
-0.007183 0.550228
-0.007152 0.552511
-0.006970 0.554795
-0.006854 0.557078
-0.006794 0.559361
-0.006713 0.561644
-0.006547 0.563927
-0.006521 0.566210
-0.006301 0.568493
-0.006185 0.570776
-0.006114 0.573059
-0.006029 0.575342
-0.005865 0.577626
-0.005841 0.579909
-0.005588 0.582192
-0.005471 0.584475
-0.005391 0.586758
-0.005302 0.589041
-0.005147 0.591324
-0.005120 0.593607
-0.004841 0.595890
-0.004721 0.598174
-0.004636 0.600457
-0.004542 0.602740
-0.004401 0.605023
-0.004366 0.607306
-0.004072 0.609589
-0.003945 0.611872
-0.003861 0.614155
-0.003759 0.616438
-0.003640 0.618721
-0.003589 0.621005
-0.003293 0.623288
-0.003154 0.625571
-0.003079 0.627854
-0.002964 0.630137
-0.002874 0.632420
-0.002800 0.634703
-0.002515 0.636986
-0.002359 0.639269
-0.002300 0.641553
-0.002168 0.643836
-0.002113 0.646119
-0.002010 0.648402
-0.001748 0.650685
-0.001570 0.652968
-0.001533 0.655251
-0.001382 0.657534
-0.001365 0.659817
-0.001230 0.662100
-0.001000 0.664384
-0.000798 0.666667
-0.000788 0.668950
-0.000615 0.671233
-0.000637 0.673516
-0.000468 0.675799
-0.000278 0.678082
-0.000050 0.680365
-0.000069 0.682648
0.000125 0.684932
0.000065 0.687215
0.000265 0.689498
0.000414 0.691781
0.000665 0.694064
0.000617 0.696347
0.000831 0.698630
0.000736 0.700913
0.000965 0.703196
0.001071 0.705479
0.001342 0.707763
0.001267 0.710046
0.001498 0.712329
0.001374 0.714612
0.001625 0.716895
0.001692 0.719178
0.001977 0.721461
0.001881 0.723744
0.002122 0.726027
0.001976 0.728311
0.002241 0.730594
0.002277 0.732877
0.002567 0.735160
0.002457 0.737443
0.002699 0.739726
0.002543 0.742009
0.002809 0.744292
0.002823 0.746575
0.003109 0.748858
0.002993 0.751142
0.003228 0.753425
0.003071 0.755708
0.003328 0.757991
0.003329 0.760274
0.003603 0.762557
0.003489 0.764840
0.003708 0.767123
0.003559 0.769406
0.003800 0.771689
0.003794 0.773973
0.004049 0.776256
0.003942 0.778539
0.004142 0.780822
0.004004 0.783105
0.004224 0.785388
0.004218 0.787671
0.004450 0.789954
0.004352 0.792237
0.004530 0.794521
0.004407 0.796804
0.004602 0.799087
0.004600 0.801370
0.004806 0.803653
0.004721 0.805936
0.004872 0.808219
0.004769 0.810502
0.004936 0.812785
0.004942 0.815068
0.005118 0.817352
0.005049 0.819635
0.005171 0.821918
0.005091 0.824201
0.005226 0.826484
0.005246 0.828767
0.005390 0.831050
0.005338 0.833333
0.005430 0.835616
0.005373 0.837900
0.005477 0.840183
0.005512 0.842466
0.005622 0.844749
0.005589 0.847032
0.005650 0.849315
0.005618 0.851598
0.005689 0.853881
0.005742 0.856164
0.005818 0.858447
0.005804 0.860731
0.005835 0.863014
0.005827 0.865297
0.005866 0.867580
0.005937 0.869863
0.005980 0.872146
0.005985 0.874429
0.005985 0.876712
0.006001 0.878995
0.006010 0.881279
0.006100 0.883562
0.006109 0.885845
0.006133 0.888128
0.006104 0.890411
0.006142 0.892694
0.006122 0.894977
0.006230 0.897260
0.006208 0.899543
0.006249 0.901826
0.006193 0.904110
0.006251 0.906393
0.006204 0.908676
0.006330 0.910959
0.006279 0.913242
0.006335 0.915525
0.006254 0.917808
0.006330 0.920091
0.006260 0.922374
0.006401 0.924658
0.006324 0.926941
0.006392 0.929224
0.006289 0.931507
0.006380 0.933790
0.006290 0.936073
0.006446 0.938356
0.006345 0.940639
0.006424 0.942922
0.006303 0.945205
0.006407 0.947489
0.006301 0.949772
0.006471 0.952055
0.006351 0.954338
0.006441 0.956621
0.006304 0.958904
0.006427 0.961187
0.006307 0.963470
0.006506 0.965753
0.006378 0.968037
0.006545 0.970320
0.006519 0.972603
0.007067 0.974886
0.007870 0.977169
0.010561 0.979452
0.016064 0.981735
0.029798 0.984018
0.060098 0.986301
0.128891 0.988584
0.269695 0.990868
0.519578 0.993151
0.836566 0.995434
