title="d2z6      Re=80000     iterations=40001 "
 zone t="d2z6"variables=X,v/U
0.001370 0.000000
0.004110 0.000365
0.006849 0.003360
0.009589 0.005897
0.012329 0.008786
0.015068 0.010428
0.017808 0.011351
0.020548 0.012800
0.023288 0.013309
0.026027 0.013336
0.028767 0.014143
0.031507 0.014230
0.034247 0.013929
0.036986 0.014524
0.039726 0.014499
0.042466 0.014093
0.045205 0.014626
0.047945 0.014589
0.050685 0.014148
0.053425 0.014660
0.056164 0.014637
0.058904 0.014181
0.061644 0.014683
0.064384 0.014680
0.067123 0.014215
0.069863 0.014708
0.072603 0.014724
0.075342 0.014253
0.078082 0.014736
0.080822 0.014770
0.083562 0.014295
0.086301 0.014768
0.089041 0.014819
0.091781 0.014343
0.094521 0.014803
0.097260 0.014870
0.100000 0.014395
0.102740 0.014842
0.105479 0.014924
0.108219 0.014452
0.110959 0.014885
0.113699 0.014981
0.116438 0.014513
0.119178 0.014930
0.121918 0.015041
0.124658 0.014579
0.127397 0.014978
0.130137 0.015103
0.132877 0.014648
0.135616 0.015030
0.138356 0.015167
0.141096 0.014721
0.143836 0.015084
0.146575 0.015235
0.149315 0.014798
0.152055 0.015141
0.154795 0.015305
0.157534 0.014877
0.160274 0.015200
0.163014 0.015377
0.165753 0.014960
0.168493 0.015262
0.171233 0.015452
0.173973 0.015045
0.176712 0.015326
0.179452 0.015529
0.182192 0.015134
0.184932 0.015393
0.187671 0.015610
0.190411 0.015225
0.193151 0.015464
0.195890 0.015693
0.198630 0.015321
0.201370 0.015538
0.204110 0.015780
0.206849 0.015420
0.209589 0.015617
0.212329 0.015872
0.215068 0.015526
0.217808 0.015703
0.220548 0.015970
0.223288 0.015639
0.226027 0.015797
0.228767 0.016077
0.231507 0.015764
0.234247 0.015905
0.236986 0.016195
0.239726 0.015908
0.242466 0.016025
0.245205 0.016345
0.247945 0.016056
0.250685 0.016205
0.253425 0.016477
0.256164 0.016299
0.258904 0.016352
0.261644 0.016733
0.264384 0.016513
0.267123 0.016628
0.269863 0.017002
0.272603 0.016830
0.275342 0.016995
0.278082 0.017339
0.280822 0.017309
0.283562 0.017431
0.286301 0.017887
0.289041 0.017898
0.291781 0.018115
0.294521 0.018614
0.297260 0.018776
0.300000 0.019063
0.302740 0.019709
0.305479 0.020006
0.308219 0.020526
0.310959 0.021356
0.313699 0.022131
0.316438 0.023095
0.319178 0.024282
0.321918 0.024455
0.324658 0.023611
0.327397 0.022491
0.330137 0.021876
0.332877 0.022047
0.335616 0.022829
0.338356 0.023530
0.341096 0.024402
0.343836 0.025800
0.346575 0.027407
0.349315 0.029263
0.352055 0.031824
0.354795 0.034528
0.357534 0.037538
0.360274 0.041048
0.363014 0.044775
0.365753 0.048699
0.368493 0.053114
0.371233 0.057630
0.373973 0.062350
0.376712 0.067370
0.379452 0.072478
0.382192 0.077541
0.384932 0.082828
0.387671 0.087929
0.390411 0.092855
0.393151 0.097701
0.395890 0.102250
0.398630 0.106322
0.401370 0.110261
0.404110 0.113709
0.406849 0.116707
0.409589 0.119488
0.412329 0.121902
0.415068 0.123906
0.417808 0.125821
0.420548 0.127368
0.423288 0.128620
0.426027 0.129674
0.428767 0.130310
0.431507 0.130448
0.434247 0.130243
0.436986 0.129391
0.439726 0.128031
0.442466 0.126255
0.445205 0.124097
0.447945 0.121619
0.450685 0.119054
0.453425 0.116261
0.456164 0.113247
0.458904 0.109954
0.461644 0.106251
0.464384 0.101951
0.467123 0.097233
0.469863 0.091914
0.472603 0.086052
0.475342 0.079844
0.478082 0.073310
0.480822 0.066363
0.483562 0.059367
0.486301 0.052221
0.489041 0.044901
0.491781 0.037704
0.494521 0.030584
0.497260 0.023428
0.500000 0.016663
0.502740 0.010101
0.505479 0.003712
0.508219 -0.002136
0.510959 -0.007668
0.513699 -0.012905
0.516438 -0.017498
0.519178 -0.021789
0.521918 -0.025719
0.524658 -0.029000
0.527397 -0.032042
0.530137 -0.034696
0.532877 -0.036709
0.535616 -0.038572
0.538356 -0.039977
0.541096 -0.040742
0.543836 -0.041406
0.546575 -0.041536
0.549315 -0.041064
0.552055 -0.040506
0.554795 -0.039423
0.557534 -0.037827
0.560274 -0.036221
0.563014 -0.034190
0.565753 -0.031769
0.568493 -0.029475
0.571233 -0.026817
0.573973 -0.023876
0.576712 -0.021155
0.579452 -0.018074
0.582192 -0.014822
0.584932 -0.011897
0.587671 -0.008596
0.590411 -0.005194
0.593151 -0.002088
0.595890 0.001588
0.598630 0.005493
0.601370 0.009276
0.604110 0.013802
0.606849 0.018540
0.609589 0.023118
0.612329 0.028376
0.615068 0.033555
0.617808 0.038485
0.620548 0.043757
0.623288 0.048695
0.626027 0.053127
0.628767 0.058325
0.631507 0.063507
0.634247 0.068679
0.636986 0.073511
0.639726 0.077933
0.642466 0.082403
0.645205 0.088418
0.647945 0.094321
0.650685 0.097465
0.653425 0.096485
0.656164 0.091666
0.658904 0.083276
0.661644 0.070987
0.664384 0.056579
0.667123 0.040008
0.669863 0.017377
0.672603 -0.009905
0.675342 -0.022350
0.678082 -0.060884
0.680822 -0.078796
0.683562 -0.118338
0.686301 -0.134790
0.689041 -0.161610
0.691781 -0.186955
0.694521 -0.211151
0.697260 -0.231732
0.700000 -0.245905
0.702740 -0.248442
0.705479 -0.243570
0.708219 -0.235400
0.710959 -0.222754
0.713699 -0.208281
0.716438 -0.192515
0.719178 -0.176827
0.721918 -0.162014
0.724658 -0.145974
0.727397 -0.129320
0.730137 -0.111972
0.732877 -0.093650
0.735616 -0.074721
0.738356 -0.056033
0.741096 -0.038393
0.743836 -0.020965
0.746575 -0.005660
0.749315 0.007552
0.752055 0.018290
0.754795 0.027954
0.757534 0.035058
0.760274 0.042294
0.763014 0.047977
0.765753 0.054232
0.768493 0.058766
0.771233 0.063762
0.773973 0.066429
0.776712 0.070036
0.779452 0.071640
0.782192 0.073849
0.784932 0.074605
0.787671 0.075760
0.790411 0.075313
0.793151 0.075306
0.795890 0.074204
0.798630 0.072669
0.801370 0.070681
0.804110 0.068300
0.806849 0.064979
0.809589 0.061366
0.812329 0.057492
0.815068 0.052443
0.817808 0.047415
0.820548 0.041699
0.823288 0.035661
0.826027 0.028826
0.828767 0.022394
0.831507 0.015125
0.834247 0.008209
0.836986 0.000878
0.839726 -0.005689
0.842466 -0.012978
0.845205 -0.019043
0.847945 -0.025558
0.850685 -0.031105
0.853425 -0.037059
0.856164 -0.041707
0.858904 -0.046831
0.861644 -0.050889
0.864384 -0.055067
0.867123 -0.058009
0.869863 -0.061722
0.872603 -0.064060
0.875342 -0.066464
0.878082 -0.069138
0.880822 -0.071352
0.883562 -0.072973
0.886301 -0.075672
0.889041 -0.077237
0.891781 -0.078986
0.894521 -0.081498
0.897260 -0.083329
0.900000 -0.084394
0.902740 -0.086734
0.905479 -0.088406
0.908219 -0.089651
0.910959 -0.091713
0.913699 -0.093838
0.916438 -0.095269
0.919178 -0.097258
0.921918 -0.099445
0.924658 -0.100814
0.927397 -0.102531
0.930137 -0.104577
0.932877 -0.106412
0.935616 -0.108330
0.938356 -0.110716
0.941096 -0.113277
0.943836 -0.116444
0.946575 -0.120663
0.949315 -0.124597
0.952055 -0.130240
0.954795 -0.135668
0.957534 -0.140510
0.960274 -0.146558
0.963014 -0.150725
0.965753 -0.151888
0.968493 -0.154748
0.971233 -0.153577
0.973973 -0.151688
0.976712 -0.149982
0.979452 -0.143681
0.982192 -0.137849
0.984932 -0.130399
0.987671 -0.119874
0.990411 -0.112275
0.993151 -0.101495
0.995890 -0.059066
0.998630 -0.000063
