title="d2z6      Re=86000     iterations=215001 "
 zone t="d2z6"variables=u/U,Y
-0.000028 0.000000
-0.035098 0.002283
-0.098350 0.004566
-0.150543 0.006849
-0.184800 0.009132
-0.205660 0.011416
-0.217422 0.013699
-0.225939 0.015982
-0.233825 0.018265
-0.238403 0.020548
-0.241175 0.022831
-0.240804 0.025114
-0.242181 0.027397
-0.241999 0.029680
-0.244345 0.031963
-0.243654 0.034247
-0.245324 0.036530
-0.242706 0.038813
-0.242730 0.041096
-0.238332 0.043379
-0.237790 0.045662
-0.231961 0.047945
-0.230534 0.050228
-0.222601 0.052511
-0.217698 0.054795
-0.207169 0.057078
-0.197028 0.059361
-0.185203 0.061644
-0.170901 0.063927
-0.160629 0.066210
-0.145038 0.068493
-0.138867 0.070776
-0.125302 0.073059
-0.125673 0.075342
-0.117609 0.077626
-0.124330 0.079909
-0.123541 0.082192
-0.135731 0.084475
-0.141542 0.086758
-0.155622 0.089041
-0.165887 0.091324
-0.178404 0.093607
-0.190047 0.095890
-0.198840 0.098174
-0.209221 0.100457
-0.212889 0.102740
-0.220652 0.105023
-0.220643 0.107306
-0.225683 0.109589
-0.223687 0.111872
-0.226763 0.114155
-0.225039 0.116438
-0.227690 0.118721
-0.227609 0.121005
-0.230616 0.123288
-0.231683 0.125571
-0.234320 0.127854
-0.235691 0.130137
-0.238025 0.132420
-0.239388 0.134703
-0.241100 0.136986
-0.242217 0.139269
-0.243460 0.141553
-0.244320 0.143836
-0.244915 0.146119
-0.244693 0.148402
-0.244322 0.150685
-0.242807 0.152968
-0.241594 0.155251
-0.239175 0.157534
-0.237337 0.159817
-0.233684 0.162100
-0.230979 0.164384
-0.227042 0.166667
-0.224067 0.168950
-0.219797 0.171233
-0.216562 0.173516
-0.214958 0.175799
-0.211200 0.178082
-0.207816 0.180365
-0.202583 0.182648
-0.200215 0.184932
-0.193848 0.187215
-0.186545 0.189498
-0.179010 0.191781
-0.173732 0.194064
-0.165768 0.196347
-0.155623 0.198630
-0.148182 0.200913
-0.140665 0.203196
-0.133660 0.205479
-0.124808 0.207763
-0.119696 0.210046
-0.111863 0.212329
-0.107910 0.214612
-0.101815 0.216895
-0.099095 0.219178
-0.093751 0.221461
-0.092221 0.223744
-0.087189 0.226027
-0.085845 0.228311
-0.081789 0.230594
-0.079940 0.232877
-0.074585 0.235160
-0.074401 0.237443
-0.073023 0.239726
-0.074865 0.242009
-0.076966 0.244292
-0.079224 0.246575
-0.079213 0.248858
-0.080903 0.251142
-0.082976 0.253425
-0.084261 0.255708
-0.085225 0.257991
-0.086719 0.260274
-0.089206 0.262557
-0.090714 0.264840
-0.092917 0.267123
-0.094458 0.269406
-0.097496 0.271689
-0.098733 0.273973
-0.101036 0.276256
-0.101940 0.278539
-0.103945 0.280822
-0.104554 0.283105
-0.105579 0.285388
-0.105767 0.287671
-0.107306 0.289954
-0.107279 0.292237
-0.107819 0.294521
-0.107699 0.296804
-0.108489 0.299087
-0.108201 0.301370
-0.108333 0.303653
-0.107948 0.305936
-0.108014 0.308219
-0.107520 0.310502
-0.107067 0.312785
-0.106564 0.315068
-0.106041 0.317352
-0.105539 0.319635
-0.104492 0.321918
-0.103778 0.324201
-0.103693 0.326484
-0.103309 0.328767
-0.101168 0.331050
-0.100406 0.333333
-0.101926 0.335616
-0.101347 0.337900
-0.098929 0.340183
-0.098373 0.342466
-0.100247 0.344749
-0.099556 0.347032
-0.098198 0.349315
-0.097646 0.351598
-0.099264 0.353881
-0.098584 0.356164
-0.098021 0.358447
-0.097424 0.360731
-0.098742 0.363014
-0.098015 0.365297
-0.097819 0.367580
-0.097162 0.369863
-0.098030 0.372146
-0.097294 0.374429
-0.097323 0.376712
-0.096595 0.378995
-0.097241 0.381279
-0.096479 0.383562
-0.096693 0.385845
-0.096040 0.388128
-0.096478 0.390411
-0.095860 0.392694
-0.095976 0.394977
-0.095341 0.397260
-0.095458 0.399543
-0.094731 0.401826
-0.094341 0.404110
-0.093441 0.406393
-0.093031 0.408676
-0.092068 0.410959
-0.091383 0.413242
-0.090498 0.415525
-0.090171 0.417808
-0.089397 0.420091
-0.088996 0.422374
-0.088310 0.424658
-0.088266 0.426941
-0.087700 0.429224
-0.087498 0.431507
-0.086993 0.433790
-0.087145 0.436073
-0.086788 0.438356
-0.086668 0.440639
-0.086443 0.442922
-0.086879 0.445205
-0.086836 0.447489
-0.086955 0.449772
-0.087046 0.452055
-0.088044 0.454338
-0.088383 0.456621
-0.089130 0.458904
-0.089694 0.461187
-0.091467 0.463470
-0.092246 0.465753
-0.093754 0.468037
-0.094570 0.470320
-0.097009 0.472603
-0.097697 0.474886
-0.099139 0.477169
-0.099327 0.479452
-0.101307 0.481735
-0.100879 0.484018
-0.100972 0.486301
-0.099602 0.488584
-0.100152 0.490868
-0.097983 0.493151
-0.095622 0.495434
-0.092240 0.497717
-0.091425 0.500000
-0.087579 0.502283
-0.081848 0.504566
-0.076700 0.506849
-0.075805 0.509132
-0.070808 0.511416
-0.061377 0.513699
-0.055115 0.515982
-0.055659 0.518265
-0.049712 0.520548
-0.037471 0.522831
-0.030902 0.525114
-0.031276 0.527397
-0.024564 0.529680
-0.012342 0.531963
-0.004927 0.534247
-0.005205 0.536530
0.001302 0.538813
0.015206 0.541096
0.022452 0.543379
0.021024 0.545662
0.028024 0.547945
0.040958 0.550228
0.046898 0.552511
0.047916 0.554795
0.054532 0.557078
0.063139 0.559361
0.068336 0.561644
0.071475 0.563927
0.076542 0.566210
0.082511 0.568493
0.086740 0.570776
0.088982 0.573059
0.092195 0.575342
0.097129 0.577626
0.099646 0.579909
0.099577 0.582192
0.101059 0.584475
0.104738 0.586758
0.105374 0.589041
0.103903 0.591324
0.104227 0.593607
0.106056 0.595890
0.105563 0.598174
0.103615 0.600457
0.102340 0.602740
0.101378 0.605023
0.098585 0.607306
0.094753 0.609589
0.091328 0.611872
0.088860 0.614155
0.085635 0.616438
0.082354 0.618721
0.079997 0.621005
0.078573 0.623288
0.077035 0.625571
0.074800 0.627854
0.073964 0.630137
0.073103 0.632420
0.072836 0.634703
0.070567 0.636986
0.070765 0.639269
0.069441 0.641553
0.069881 0.643836
0.066875 0.646119
0.067768 0.648402
0.065253 0.650685
0.066326 0.652968
0.063102 0.655251
0.064440 0.657534
0.062620 0.659817
0.064240 0.662100
0.061841 0.664384
0.063593 0.666667
0.063642 0.668950
0.065634 0.671233
0.064104 0.673516
0.066316 0.675799
0.067337 0.678082
0.069886 0.680365
0.068530 0.682648
0.071393 0.684932
0.072522 0.687215
0.075771 0.689498
0.074694 0.691781
0.078413 0.694064
0.079731 0.696347
0.083607 0.698630
0.083694 0.700913
0.087987 0.703196
0.090008 0.705479
0.094401 0.707763
0.095972 0.710046
0.100479 0.712329
0.103551 0.714612
0.108078 0.716895
0.111017 0.719178
0.115554 0.721461
0.119581 0.723744
0.123875 0.726027
0.127971 0.728311
0.132141 0.730594
0.136890 0.732877
0.140756 0.735160
0.145575 0.737443
0.149045 0.739726
0.154245 0.742009
0.157394 0.744292
0.162486 0.746575
0.165288 0.748858
0.170453 0.751142
0.172803 0.753425
0.177844 0.755708
0.179906 0.757991
0.184803 0.760274
0.186550 0.762557
0.191245 0.764840
0.192637 0.767123
0.197200 0.769406
0.198432 0.771689
0.202707 0.773973
0.203769 0.776256
0.207906 0.778539
0.208793 0.780822
0.212677 0.783105
0.213537 0.785388
0.217310 0.787671
0.218087 0.789954
0.221552 0.792237
0.222149 0.794521
0.225479 0.796804
0.225991 0.799087
0.229020 0.801370
0.229419 0.803653
0.232202 0.805936
0.232503 0.808219
0.235069 0.810502
0.235384 0.812785
0.237715 0.815068
0.237819 0.817352
0.239662 0.819635
0.239239 0.821918
0.240413 0.824201
0.239365 0.826484
0.239885 0.828767
0.238260 0.831050
0.238149 0.833333
0.236220 0.835616
0.236039 0.837900
0.234383 0.840183
0.234268 0.842466
0.232972 0.844749
0.233227 0.847032
0.232291 0.849315
0.232823 0.851598
0.232710 0.853881
0.233873 0.856164
0.234168 0.858447
0.235165 0.860731
0.235821 0.863014
0.237134 0.865297
0.238616 0.867580
0.240911 0.869863
0.243156 0.872146
0.245720 0.874429
0.248511 0.876712
0.251518 0.878995
0.254934 0.881279
0.258265 0.883562
0.261914 0.885845
0.264912 0.888128
0.267688 0.890411
0.269179 0.892694
0.270823 0.894977
0.270842 0.897260
0.271145 0.899543
0.270289 0.901826
0.270425 0.904110
0.268806 0.906393
0.267801 0.908676
0.264766 0.910959
0.262466 0.913242
0.258010 0.915525
0.254032 0.917808
0.247915 0.920091
0.241745 0.922374
0.233859 0.924658
0.225060 0.926941
0.215773 0.929224
0.205118 0.931507
0.195487 0.933790
0.184217 0.936073
0.175107 0.938356
0.164299 0.940639
0.156548 0.942922
0.147252 0.945205
0.141242 0.947489
0.133764 0.949772
0.129543 0.952055
0.124786 0.954338
0.123329 0.956621
0.121946 0.958904
0.122928 0.961187
0.123211 0.963470
0.124347 0.965753
0.124160 0.968037
0.124257 0.970320
0.123020 0.972603
0.121830 0.974886
0.119262 0.977169
0.116731 0.979452
0.113746 0.981735
0.113608 0.984018
0.124161 0.986301
0.168857 0.988584
0.290124 0.990868
0.531947 0.993151
0.842107 0.995434
