title="d2z6      Re=86000     iterations=200001 "
 zone t="d2z6"variables=u/U,Y
-0.000017 0.000000
-0.014377 0.002283
-0.041819 0.004566
-0.068778 0.006849
-0.093871 0.009132
-0.120224 0.011416
-0.140877 0.013699
-0.156714 0.015982
-0.163638 0.018265
-0.162766 0.020548
-0.161567 0.022831
-0.159316 0.025114
-0.161201 0.027397
-0.161385 0.029680
-0.163642 0.031963
-0.163530 0.034247
-0.166240 0.036530
-0.166021 0.038813
-0.168319 0.041096
-0.167100 0.043379
-0.168378 0.045662
-0.165756 0.047945
-0.166411 0.050228
-0.163438 0.052511
-0.164321 0.054795
-0.161499 0.057078
-0.163113 0.059361
-0.160387 0.061644
-0.162117 0.063927
-0.157756 0.066210
-0.156585 0.068493
-0.148452 0.070776
-0.143284 0.073059
-0.132628 0.075342
-0.125797 0.077626
-0.114879 0.079909
-0.108142 0.082192
-0.096860 0.084475
-0.090391 0.086758
-0.079355 0.089041
-0.072992 0.091324
-0.061517 0.093607
-0.055077 0.095890
-0.044402 0.098174
-0.037945 0.100457
-0.027807 0.102740
-0.021633 0.105023
-0.013595 0.107306
-0.008071 0.109589
-0.001878 0.111872
0.002734 0.114155
0.006238 0.116438
0.009724 0.118721
0.011898 0.121005
0.014566 0.123288
0.016183 0.125571
0.018586 0.127854
0.020773 0.130137
0.022729 0.132420
0.024705 0.134703
0.025727 0.136986
0.027322 0.139269
0.027415 0.141553
0.028021 0.143836
0.026973 0.146119
0.026556 0.148402
0.024256 0.150685
0.021538 0.152968
0.017709 0.155251
0.011731 0.157534
0.006161 0.159817
-0.004459 0.162100
-0.010836 0.164384
-0.022859 0.166667
-0.028693 0.168950
-0.039951 0.171233
-0.044438 0.173516
-0.052856 0.175799
-0.056143 0.178082
-0.062332 0.180365
-0.064667 0.182648
-0.068998 0.184932
-0.070926 0.187215
-0.073917 0.189498
-0.076179 0.191781
-0.078460 0.194064
-0.081871 0.196347
-0.084329 0.198630
-0.089493 0.200913
-0.092984 0.203196
-0.099947 0.205479
-0.104295 0.207763
-0.111344 0.210046
-0.114482 0.212329
-0.119074 0.214612
-0.120246 0.216895
-0.123506 0.219178
-0.124208 0.221461
-0.127317 0.223744
-0.127475 0.226027
-0.129999 0.228311
-0.129190 0.230594
-0.131191 0.232877
-0.129720 0.235160
-0.131451 0.237443
-0.129327 0.239726
-0.131356 0.242009
-0.129101 0.244292
-0.132051 0.246575
-0.130481 0.248858
-0.135141 0.251142
-0.135497 0.253425
-0.142915 0.255708
-0.146096 0.257991
-0.156773 0.260274
-0.164695 0.262557
-0.178256 0.264840
-0.190891 0.267123
-0.206000 0.269406
-0.222229 0.271689
-0.236391 0.273973
-0.253963 0.276256
-0.264891 0.278539
-0.280896 0.280822
-0.287368 0.283105
-0.299852 0.285388
-0.301805 0.287671
-0.310102 0.289954
-0.308494 0.292237
-0.313312 0.294521
-0.309723 0.296804
-0.311937 0.299087
-0.307869 0.301370
-0.308033 0.303653
-0.302442 0.305936
-0.302239 0.308219
-0.295085 0.310502
-0.292369 0.312785
-0.284565 0.315068
-0.283006 0.317352
-0.275859 0.319635
-0.271673 0.321918
-0.265277 0.324201
-0.263331 0.326484
-0.257684 0.328767
-0.253295 0.331050
-0.248864 0.333333
-0.246322 0.335616
-0.241888 0.337900
-0.238402 0.340183
-0.234447 0.342466
-0.230135 0.344749
-0.226354 0.347032
-0.224569 0.349315
-0.221513 0.351598
-0.216524 0.353881
-0.213533 0.356164
-0.210840 0.358447
-0.207170 0.360731
-0.203393 0.363014
-0.200179 0.365297
-0.196837 0.367580
-0.194579 0.369863
-0.192083 0.372146
-0.190981 0.374429
-0.188769 0.376712
-0.186964 0.378995
-0.184268 0.381279
-0.181427 0.383562
-0.178248 0.385845
-0.175146 0.388128
-0.171935 0.390411
-0.169091 0.392694
-0.165984 0.394977
-0.163436 0.397260
-0.160531 0.399543
-0.158018 0.401826
-0.155225 0.404110
-0.152537 0.406393
-0.149870 0.408676
-0.146922 0.410959
-0.144306 0.413242
-0.141185 0.415525
-0.138813 0.417808
-0.135920 0.420091
-0.133435 0.422374
-0.130806 0.424658
-0.129178 0.426941
-0.126723 0.429224
-0.124639 0.431507
-0.121835 0.433790
-0.119870 0.436073
-0.115918 0.438356
-0.112754 0.440639
-0.106901 0.442922
-0.103885 0.445205
-0.096588 0.447489
-0.090836 0.449772
-0.082389 0.452055
-0.077656 0.454338
-0.068999 0.456621
-0.062235 0.458904
-0.055004 0.461187
-0.049992 0.463470
-0.044597 0.465753
-0.038965 0.468037
-0.034824 0.470320
-0.030373 0.472603
-0.027419 0.474886
-0.023705 0.477169
-0.022925 0.479452
-0.020290 0.481735
-0.021176 0.484018
-0.019269 0.486301
-0.020822 0.488584
-0.019364 0.490868
-0.021366 0.493151
-0.020355 0.495434
-0.023202 0.497717
-0.022795 0.500000
-0.026177 0.502283
-0.025542 0.504566
-0.027681 0.506849
-0.025693 0.509132
-0.025502 0.511416
-0.021939 0.513699
-0.020711 0.515982
-0.017584 0.518265
-0.017098 0.520548
-0.013330 0.522831
-0.013387 0.525114
-0.010995 0.527397
-0.011356 0.529680
-0.008004 0.531963
-0.008727 0.534247
-0.005690 0.536530
-0.006390 0.538813
-0.003005 0.541096
-0.003728 0.543379
-0.000203 0.545662
-0.000827 0.547945
0.003142 0.550228
0.002778 0.552511
0.007072 0.554795
0.007047 0.557078
0.011948 0.559361
0.012528 0.561644
0.017713 0.563927
0.019025 0.566210
0.025294 0.568493
0.027835 0.570776
0.033599 0.573059
0.037199 0.575342
0.045011 0.577626
0.050394 0.579909
0.055639 0.582192
0.061590 0.584475
0.070681 0.586758
0.078029 0.589041
0.081526 0.591324
0.088835 0.593607
0.098200 0.595890
0.105973 0.598174
0.108082 0.600457
0.115805 0.602740
0.123568 0.605023
0.130894 0.607306
0.132386 0.609589
0.139533 0.611872
0.144740 0.614155
0.151082 0.616438
0.151691 0.618721
0.157559 0.621005
0.160806 0.623288
0.165710 0.625571
0.165313 0.627854
0.169577 0.630137
0.172095 0.632420
0.175622 0.634703
0.174585 0.636986
0.177465 0.639269
0.180440 0.641553
0.183031 0.643836
0.180963 0.646119
0.183079 0.648402
0.185931 0.650685
0.187567 0.652968
0.184933 0.655251
0.186471 0.657534
0.188098 0.659817
0.189090 0.662100
0.188633 0.664384
0.189717 0.666667
0.191115 0.668950
0.192112 0.671233
0.192519 0.673516
0.193487 0.675799
0.194877 0.678082
0.195769 0.680365
0.196749 0.682648
0.197835 0.684932
0.199246 0.687215
0.200392 0.689498
0.202045 0.691781
0.203234 0.694064
0.205301 0.696347
0.206581 0.698630
0.208699 0.700913
0.209892 0.703196
0.212332 0.705479
0.213375 0.707763
0.215488 0.710046
0.216364 0.712329
0.218429 0.714612
0.218990 0.716895
0.220508 0.719178
0.220767 0.721461
0.221941 0.723744
0.222006 0.726027
0.222680 0.728311
0.222462 0.730594
0.223277 0.732877
0.222863 0.735160
0.223077 0.737443
0.222464 0.739726
0.223034 0.742009
0.222099 0.744292
0.221891 0.746575
0.220628 0.748858
0.220466 0.751142
0.218886 0.753425
0.218027 0.755708
0.216002 0.757991
0.214805 0.760274
0.212268 0.762557
0.209382 0.764840
0.206307 0.767123
0.203519 0.769406
0.200161 0.771689
0.195951 0.773973
0.192582 0.776256
0.189089 0.778539
0.185664 0.780822
0.181275 0.783105
0.177771 0.785388
0.173317 0.787671
0.169674 0.789954
0.164930 0.792237
0.161465 0.794521
0.156418 0.796804
0.153014 0.799087
0.147773 0.801370
0.144464 0.803653
0.139410 0.805936
0.136438 0.808219
0.130875 0.810502
0.128127 0.812785
0.123257 0.815068
0.120680 0.817352
0.115529 0.819635
0.113407 0.821918
0.108584 0.824201
0.106641 0.826484
0.102136 0.828767
0.100337 0.831050
0.096152 0.833333
0.094719 0.835616
0.090790 0.837900
0.089566 0.840183
0.086184 0.842466
0.085231 0.844749
0.082255 0.847032
0.081864 0.849315
0.079318 0.851598
0.079360 0.853881
0.077435 0.856164
0.078034 0.858447
0.076731 0.860731
0.078208 0.863014
0.077434 0.865297
0.079540 0.867580
0.079508 0.869863
0.082023 0.872146
0.082280 0.874429
0.085057 0.876712
0.085454 0.878995
0.088043 0.881279
0.088537 0.883562
0.090893 0.885845
0.091347 0.888128
0.093647 0.890411
0.093984 0.892694
0.096044 0.894977
0.096517 0.897260
0.098318 0.899543
0.098676 0.901826
0.100647 0.904110
0.100957 0.906393
0.102473 0.908676
0.102881 0.910959
0.104500 0.913242
0.104868 0.915525
0.106279 0.917808
0.106623 0.920091
0.108133 0.922374
0.108613 0.924658
0.109861 0.926941
0.110365 0.929224
0.111909 0.931507
0.112432 0.933790
0.113807 0.936073
0.114484 0.938356
0.115978 0.940639
0.116653 0.942922
0.118218 0.945205
0.118846 0.947489
0.120367 0.949772
0.121005 0.952055
0.122447 0.954338
0.122925 0.956621
0.124383 0.958904
0.124676 0.961187
0.125974 0.963470
0.126141 0.965753
0.127357 0.968037
0.127317 0.970320
0.128566 0.972603
0.128287 0.974886
0.129540 0.977169
0.129455 0.979452
0.132289 0.981735
0.136639 0.984018
0.152905 0.986301
0.193776 0.988584
0.299658 0.990868
0.526360 0.993151
0.835482 0.995434
