title="d2z6      Re=86000     iterations=465001 "
 zone t="d2z6"variables=u/U,Y
-0.000029 0.000000
-0.070116 0.002283
-0.183836 0.004566
-0.246974 0.006849
-0.266041 0.009132
-0.265007 0.011416
-0.262789 0.013699
-0.261144 0.015982
-0.259972 0.018265
-0.258222 0.020548
-0.257199 0.022831
-0.255420 0.025114
-0.254553 0.027397
-0.254401 0.029680
-0.255197 0.031963
-0.258148 0.034247
-0.261579 0.036530
-0.269250 0.038813
-0.275719 0.041096
-0.287180 0.043379
-0.295066 0.045662
-0.307894 0.047945
-0.316424 0.050228
-0.331811 0.052511
-0.342760 0.054795
-0.362103 0.057078
-0.374006 0.059361
-0.389775 0.061644
-0.397376 0.063927
-0.403122 0.066210
-0.405610 0.068493
-0.402101 0.070776
-0.400960 0.073059
-0.391800 0.075342
-0.392062 0.077626
-0.388370 0.079909
-0.394251 0.082192
-0.396421 0.084475
-0.402968 0.086758
-0.405202 0.089041
-0.410002 0.091324
-0.410845 0.093607
-0.411152 0.095890
-0.408368 0.098174
-0.403095 0.100457
-0.397301 0.102740
-0.387723 0.105023
-0.379626 0.107306
-0.367788 0.109589
-0.358769 0.111872
-0.345576 0.114155
-0.336501 0.116438
-0.322731 0.118721
-0.314550 0.121005
-0.300620 0.123288
-0.293655 0.125571
-0.280247 0.127854
-0.273868 0.130137
-0.260263 0.132420
-0.253840 0.134703
-0.240257 0.136986
-0.233505 0.139269
-0.219656 0.141553
-0.213869 0.143836
-0.203168 0.146119
-0.198387 0.148402
-0.190154 0.150685
-0.187299 0.152968
-0.183706 0.155251
-0.182121 0.157534
-0.181523 0.159817
-0.181601 0.162100
-0.183456 0.164384
-0.183179 0.166667
-0.182595 0.168950
-0.181558 0.171233
-0.178330 0.173516
-0.175566 0.175799
-0.169729 0.178082
-0.168335 0.180365
-0.164900 0.182648
-0.163952 0.184932
-0.163235 0.187215
-0.165535 0.189498
-0.168069 0.191781
-0.170995 0.194064
-0.174507 0.196347
-0.177867 0.198630
-0.182531 0.200913
-0.186165 0.203196
-0.189272 0.205479
-0.192965 0.207763
-0.197076 0.210046
-0.199832 0.212329
-0.201889 0.214612
-0.206422 0.216895
-0.208878 0.219178
-0.208429 0.221461
-0.208406 0.223744
-0.212321 0.226027
-0.211581 0.228311
-0.203794 0.230594
-0.200222 0.232877
-0.201165 0.235160
-0.197360 0.237443
-0.185754 0.239726
-0.182077 0.242009
-0.183613 0.244292
-0.181374 0.246575
-0.169670 0.248858
-0.166608 0.251142
-0.168839 0.253425
-0.166129 0.255708
-0.153405 0.257991
-0.151147 0.260274
-0.149101 0.262557
-0.147452 0.264840
-0.139753 0.267123
-0.138409 0.269406
-0.133398 0.271689
-0.133276 0.273973
-0.128222 0.276256
-0.127134 0.278539
-0.122748 0.280822
-0.123967 0.283105
-0.121761 0.285388
-0.125537 0.287671
-0.128699 0.289954
-0.141145 0.292237
-0.139807 0.294521
-0.135147 0.296804
-0.118856 0.299087
-0.117066 0.301370
-0.114681 0.303653
-0.115183 0.305936
-0.103850 0.308219
-0.100853 0.310502
-0.097808 0.312785
-0.094077 0.315068
-0.079916 0.317352
-0.077207 0.319635
-0.081793 0.321918
-0.079508 0.324201
-0.065516 0.326484
-0.065132 0.328767
-0.074539 0.331050
-0.072298 0.333333
-0.058148 0.335616
-0.058591 0.337900
-0.069297 0.340183
-0.067543 0.342466
-0.053660 0.344749
-0.053812 0.347032
-0.064141 0.349315
-0.062375 0.351598
-0.049560 0.353881
-0.049888 0.356164
-0.058444 0.358447
-0.056540 0.360731
-0.045793 0.363014
-0.046001 0.365297
-0.052229 0.367580
-0.050244 0.369863
-0.042004 0.372146
-0.041995 0.374429
-0.046056 0.376712
-0.044084 0.378995
-0.037934 0.381279
-0.037689 0.383562
-0.040093 0.385845
-0.038068 0.388128
-0.033309 0.390411
-0.032820 0.392694
-0.033960 0.394977
-0.031908 0.397260
-0.027996 0.399543
-0.027253 0.401826
-0.027540 0.404110
-0.025547 0.406393
-0.022219 0.408676
-0.021307 0.410959
-0.021149 0.413242
-0.019236 0.415525
-0.016478 0.417808
-0.015488 0.420091
-0.015139 0.422374
-0.013301 0.424658
-0.011209 0.426941
-0.010175 0.429224
-0.009752 0.431507
-0.007994 0.433790
-0.006538 0.436073
-0.005532 0.438356
-0.005156 0.440639
-0.003466 0.442922
-0.002454 0.445205
-0.001643 0.447489
-0.001785 0.449772
-0.000234 0.452055
0.000455 0.454338
0.000814 0.456621
-0.001410 0.458904
-0.000092 0.461187
0.000152 0.463470
-0.000005 0.465753
-0.005315 0.468037
-0.003977 0.470320
-0.003956 0.472603
-0.003785 0.474886
-0.010063 0.477169
-0.008034 0.479452
-0.006891 0.481735
-0.005135 0.484018
-0.011003 0.486301
-0.006822 0.488584
-0.002610 0.490868
0.001312 0.493151
-0.002336 0.495434
0.007419 0.497717
0.011673 0.500000
0.014347 0.502283
0.027311 0.504566
0.038411 0.506849
0.032452 0.509132
0.040711 0.511416
0.055864 0.513699
0.060743 0.515982
0.062752 0.518265
0.066707 0.520548
0.073625 0.522831
0.074566 0.525114
0.077736 0.527397
0.076407 0.529680
0.078920 0.531963
0.076941 0.534247
0.077281 0.536530
0.074649 0.538813
0.075707 0.541096
0.073885 0.543379
0.073296 0.545662
0.071990 0.547945
0.073035 0.550228
0.072556 0.552511
0.072283 0.554795
0.072254 0.557078
0.073641 0.559361
0.074346 0.561644
0.075017 0.563927
0.076484 0.566210
0.078037 0.568493
0.080015 0.570776
0.082641 0.573059
0.084998 0.575342
0.087673 0.577626
0.090733 0.579909
0.094636 0.582192
0.097495 0.584475
0.102545 0.586758
0.105621 0.589041
0.111074 0.591324
0.113867 0.593607
0.119438 0.595890
0.121827 0.598174
0.127951 0.600457
0.129383 0.602740
0.133061 0.605023
0.133824 0.607306
0.137076 0.609589
0.137091 0.611872
0.140994 0.614155
0.141641 0.616438
0.143417 0.618721
0.143717 0.621005
0.148492 0.623288
0.148966 0.625571
0.150244 0.627854
0.150721 0.630137
0.155009 0.632420
0.155399 0.634703
0.157390 0.636986
0.157945 0.639269
0.161748 0.641553
0.162323 0.643836
0.165383 0.646119
0.166045 0.648402
0.169816 0.650685
0.170595 0.652968
0.174275 0.655251
0.175030 0.657534
0.178652 0.659817
0.179545 0.662100
0.183150 0.664384
0.184000 0.666667
0.187150 0.668950
0.188158 0.671233
0.191300 0.673516
0.192317 0.675799
0.194972 0.678082
0.196210 0.680365
0.198919 0.682648
0.200129 0.684932
0.202481 0.687215
0.203897 0.689498
0.206298 0.691781
0.207635 0.694064
0.209488 0.696347
0.210778 0.698630
0.211789 0.700913
0.212729 0.703196
0.212686 0.705479
0.213439 0.707763
0.212181 0.710046
0.212674 0.712329
0.211541 0.714612
0.211986 0.716895
0.210368 0.719178
0.210664 0.721461
0.209869 0.723744
0.210131 0.726027
0.208594 0.728311
0.208600 0.730594
0.207116 0.732877
0.206948 0.735160
0.204320 0.737443
0.203889 0.739726
0.201073 0.742009
0.200794 0.744292
0.196963 0.746575
0.196280 0.748858
0.192009 0.751142
0.191917 0.753425
0.188593 0.755708
0.188611 0.757991
0.187495 0.760274
0.188003 0.762557
0.188706 0.764840
0.189511 0.767123
0.191762 0.769406
0.192933 0.771689
0.196644 0.773973
0.198183 0.776256
0.203142 0.778539
0.205023 0.780822
0.211286 0.783105
0.213218 0.785388
0.220090 0.787671
0.221940 0.789954
0.229212 0.792237
0.230693 0.794521
0.237671 0.796804
0.238631 0.799087
0.245132 0.801370
0.245395 0.803653
0.250629 0.805936
0.250109 0.808219
0.254024 0.810502
0.252628 0.812785
0.254521 0.815068
0.252388 0.817352
0.252326 0.819635
0.249474 0.821918
0.247208 0.824201
0.243774 0.826484
0.240263 0.828767
0.236386 0.831050
0.232295 0.833333
0.228289 0.835616
0.223803 0.837900
0.219608 0.840183
0.214581 0.842466
0.210497 0.844749
0.205378 0.847032
0.201329 0.849315
0.196130 0.851598
0.192231 0.853881
0.187144 0.856164
0.183461 0.858447
0.178399 0.860731
0.174907 0.863014
0.169856 0.865297
0.166583 0.867580
0.161422 0.869863
0.158488 0.872146
0.153371 0.874429
0.150669 0.876712
0.145658 0.878995
0.143200 0.881279
0.138166 0.883562
0.136083 0.885845
0.131232 0.888128
0.129408 0.890411
0.124542 0.892694
0.122937 0.894977
0.118434 0.897260
0.117104 0.899543
0.112559 0.901826
0.111413 0.904110
0.107419 0.906393
0.106500 0.908676
0.102299 0.910959
0.101715 0.913242
0.098109 0.915525
0.097842 0.917808
0.094113 0.920091
0.094189 0.922374
0.090983 0.924658
0.091639 0.926941
0.088486 0.929224
0.089795 0.931507
0.087297 0.933790
0.089564 0.936073
0.087372 0.938356
0.090968 0.940639
0.089847 0.942922
0.094942 0.945205
0.094825 0.947489
0.101413 0.949772
0.102704 0.952055
0.110500 0.954338
0.113134 0.956621
0.121397 0.958904
0.125285 0.961187
0.133630 0.963470
0.138307 0.965753
0.146743 0.968037
0.152169 0.970320
0.160729 0.972603
0.166195 0.974886
0.173877 0.977169
0.178530 0.979452
0.184523 0.981735
0.190265 0.984018
0.202972 0.986301
0.240555 0.988584
0.338026 0.990868
0.550550 0.993151
0.845343 0.995434
