title="d2z6      Re=86000     iterations=135001 "
 zone t="d2z6"variables=u/U,Y
-0.000002 0.000000
-0.010385 0.002283
-0.032053 0.004566
-0.055941 0.006849
-0.077484 0.009132
-0.097654 0.011416
-0.112401 0.013699
-0.124265 0.015982
-0.130972 0.018265
-0.136377 0.020548
-0.138647 0.022831
-0.141878 0.025114
-0.142545 0.027397
-0.144689 0.029680
-0.144427 0.031963
-0.146097 0.034247
-0.145323 0.036530
-0.146478 0.038813
-0.145515 0.041096
-0.146437 0.043379
-0.145591 0.045662
-0.146013 0.047945
-0.145621 0.050228
-0.146096 0.052511
-0.146347 0.054795
-0.146935 0.057078
-0.147869 0.059361
-0.148982 0.061644
-0.150472 0.063927
-0.152029 0.066210
-0.153868 0.068493
-0.155824 0.070776
-0.157718 0.073059
-0.159688 0.075342
-0.161393 0.077626
-0.163167 0.079909
-0.164531 0.082192
-0.165919 0.084475
-0.166968 0.086758
-0.167982 0.089041
-0.168822 0.091324
-0.169622 0.093607
-0.170359 0.095890
-0.170943 0.098174
-0.171622 0.100457
-0.172039 0.102740
-0.172607 0.105023
-0.172673 0.107306
-0.173179 0.109589
-0.172085 0.111872
-0.172024 0.114155
-0.172393 0.116438
-0.172776 0.118721
-0.169063 0.121005
-0.168954 0.123288
-0.170794 0.125571
-0.171146 0.127854
-0.166603 0.130137
-0.167413 0.132420
-0.170800 0.134703
-0.172074 0.136986
-0.169992 0.139269
-0.172036 0.141553
-0.175271 0.143836
-0.177103 0.146119
-0.177260 0.148402
-0.179828 0.150685
-0.182028 0.152968
-0.184410 0.155251
-0.185887 0.157534
-0.187768 0.159817
-0.187610 0.162100
-0.188323 0.164384
-0.186583 0.166667
-0.186758 0.168950
-0.184880 0.171233
-0.185267 0.173516
-0.183540 0.175799
-0.184116 0.178082
-0.182554 0.180365
-0.183081 0.182648
-0.181018 0.184932
-0.181582 0.187215
-0.180189 0.189498
-0.181332 0.191781
-0.179926 0.194064
-0.180653 0.196347
-0.178286 0.198630
-0.177907 0.200913
-0.173723 0.203196
-0.173064 0.205479
-0.168800 0.207763
-0.168418 0.210046
-0.162932 0.212329
-0.161802 0.214612
-0.155618 0.216895
-0.153632 0.219178
-0.145841 0.221461
-0.143188 0.223744
-0.135607 0.226027
-0.132578 0.228311
-0.124293 0.230594
-0.121121 0.232877
-0.114294 0.235160
-0.111215 0.237443
-0.104583 0.239726
-0.101693 0.242009
-0.097231 0.244292
-0.094596 0.246575
-0.090393 0.248858
-0.088000 0.251142
-0.085637 0.253425
-0.083491 0.255708
-0.080956 0.257991
-0.079087 0.260274
-0.078051 0.262557
-0.076507 0.264840
-0.075158 0.267123
-0.073841 0.269406
-0.073526 0.271689
-0.072412 0.273973
-0.071505 0.276256
-0.070549 0.278539
-0.070343 0.280822
-0.069537 0.283105
-0.068742 0.285388
-0.068049 0.287671
-0.067867 0.289954
-0.067314 0.292237
-0.066499 0.294521
-0.066027 0.296804
-0.065805 0.299087
-0.065422 0.301370
-0.064460 0.303653
-0.064110 0.305936
-0.063761 0.308219
-0.063419 0.310502
-0.062231 0.312785
-0.061852 0.315068
-0.061339 0.317352
-0.060891 0.319635
-0.059434 0.321918
-0.058870 0.324201
-0.058224 0.326484
-0.057553 0.328767
-0.055771 0.331050
-0.054991 0.333333
-0.054184 0.335616
-0.053335 0.337900
-0.051166 0.340183
-0.050302 0.342466
-0.049213 0.344749
-0.048321 0.347032
-0.045775 0.349315
-0.044897 0.351598
-0.043487 0.353881
-0.042553 0.356164
-0.039632 0.358447
-0.038622 0.360731
-0.036883 0.363014
-0.035659 0.365297
-0.032378 0.367580
-0.031019 0.369863
-0.028723 0.372146
-0.026836 0.374429
-0.023436 0.376712
-0.021206 0.378995
-0.018207 0.381279
-0.015080 0.383562
-0.011802 0.385845
-0.007976 0.388128
-0.004775 0.390411
-0.000297 0.392694
0.002972 0.394977
0.007777 0.397260
0.010754 0.399543
0.015459 0.401826
0.018889 0.404110
0.023427 0.406393
0.026290 0.408676
0.030804 0.410959
0.034121 0.413242
0.038753 0.415525
0.041457 0.417808
0.046455 0.420091
0.049321 0.422374
0.054575 0.424658
0.056833 0.426941
0.062190 0.429224
0.064578 0.431507
0.069975 0.433790
0.071753 0.436073
0.077139 0.438356
0.079103 0.440639
0.084469 0.442922
0.085956 0.445205
0.091181 0.447489
0.093058 0.449772
0.098044 0.452055
0.099681 0.454338
0.104613 0.456621
0.106465 0.458904
0.111597 0.461187
0.113244 0.463470
0.118454 0.465753
0.120469 0.468037
0.125365 0.470320
0.127160 0.472603
0.131980 0.474886
0.133652 0.477169
0.138961 0.479452
0.139988 0.481735
0.144990 0.484018
0.145818 0.486301
0.149751 0.488584
0.149853 0.490868
0.154033 0.493151
0.153767 0.495434
0.157797 0.497717
0.157210 0.500000
0.160098 0.502283
0.160055 0.504566
0.163057 0.506849
0.162841 0.509132
0.165645 0.511416
0.165564 0.513699
0.167861 0.515982
0.167291 0.518265
0.169133 0.520548
0.168352 0.522831
0.169392 0.525114
0.167526 0.527397
0.167843 0.529680
0.165843 0.531963
0.165215 0.534247
0.162282 0.536530
0.160755 0.538813
0.157161 0.541096
0.154497 0.543379
0.149946 0.545662
0.145997 0.547945
0.140599 0.550228
0.135526 0.552511
0.129364 0.554795
0.123593 0.557078
0.117411 0.559361
0.111372 0.561644
0.105890 0.563927
0.100080 0.566210
0.094746 0.568493
0.088461 0.570776
0.082819 0.573059
0.075728 0.575342
0.067223 0.577626
0.057163 0.579909
0.045151 0.582192
0.034792 0.584475
0.026817 0.586758
0.019923 0.589041
0.017162 0.591324
0.012630 0.593607
0.012405 0.595890
0.009083 0.598174
0.009285 0.600457
0.005099 0.602740
0.003182 0.605023
-0.001694 0.607306
-0.002757 0.609589
-0.005050 0.611872
-0.002515 0.614155
-0.002714 0.616438
0.000305 0.618721
-0.000370 0.621005
0.001774 0.623288
0.001053 0.625571
0.003121 0.627854
0.002025 0.630137
0.003794 0.632420
0.002866 0.634703
0.004885 0.636986
0.004330 0.639269
0.006512 0.641553
0.005746 0.643836
0.007559 0.646119
0.006681 0.648402
0.008284 0.650685
0.007430 0.652968
0.008959 0.655251
0.008032 0.657534
0.009570 0.659817
0.008731 0.662100
0.010214 0.664384
0.009545 0.666667
0.011041 0.668950
0.010359 0.671233
0.011977 0.673516
0.011424 0.675799
0.012856 0.678082
0.012518 0.680365
0.014106 0.682648
0.013747 0.684932
0.015320 0.687215
0.015120 0.689498
0.016600 0.691781
0.016603 0.694064
0.018164 0.696347
0.018169 0.698630
0.019757 0.700913
0.019870 0.703196
0.021376 0.705479
0.021709 0.707763
0.023262 0.710046
0.023536 0.712329
0.025223 0.714612
0.025608 0.716895
0.027087 0.719178
0.027626 0.721461
0.029373 0.723744
0.029890 0.726027
0.031443 0.728311
0.031991 0.730594
0.033760 0.732877
0.034565 0.735160
0.035922 0.737443
0.036642 0.739726
0.038552 0.742009
0.039435 0.744292
0.040479 0.746575
0.041549 0.748858
0.043365 0.751142
0.044472 0.753425
0.045325 0.755708
0.046492 0.757991
0.048156 0.760274
0.049573 0.762557
0.050103 0.764840
0.051459 0.767123
0.053071 0.769406
0.054458 0.771689
0.054773 0.773973
0.056347 0.776256
0.057695 0.778539
0.059130 0.780822
0.059434 0.783105
0.060902 0.785388
0.061979 0.787671
0.063550 0.789954
0.063684 0.792237
0.065161 0.794521
0.066102 0.796804
0.067541 0.799087
0.067515 0.801370
0.069077 0.803653
0.069785 0.805936
0.071199 0.808219
0.071123 0.810502
0.072507 0.812785
0.073038 0.815068
0.074495 0.817352
0.074294 0.819635
0.075632 0.821918
0.076039 0.824201
0.077308 0.826484
0.077071 0.828767
0.078433 0.831050
0.078634 0.833333
0.079843 0.835616
0.079620 0.837900
0.080775 0.840183
0.080889 0.842466
0.082103 0.844749
0.081825 0.847032
0.082911 0.849315
0.082946 0.851598
0.083964 0.853881
0.083757 0.856164
0.084855 0.858447
0.084732 0.860731
0.085700 0.863014
0.085527 0.865297
0.086454 0.867580
0.086319 0.869863
0.087312 0.872146
0.087084 0.874429
0.087961 0.876712
0.087799 0.878995
0.088630 0.881279
0.088477 0.883562
0.089365 0.885845
0.089135 0.888128
0.089907 0.890411
0.089754 0.892694
0.090484 0.894977
0.090335 0.897260
0.091117 0.899543
0.090891 0.901826
0.091565 0.904110
0.091405 0.906393
0.092049 0.908676
0.091892 0.910959
0.092583 0.913242
0.092343 0.915525
0.092936 0.917808
0.092758 0.920091
0.093331 0.922374
0.093153 0.924658
0.093770 0.926941
0.093509 0.929224
0.094038 0.931507
0.093828 0.933790
0.094347 0.936073
0.094139 0.938356
0.094696 0.940639
0.094402 0.942922
0.094877 0.945205
0.094639 0.947489
0.095108 0.949772
0.094868 0.952055
0.095364 0.954338
0.095044 0.956621
0.095464 0.958904
0.095201 0.961187
0.095622 0.963470
0.095340 0.965753
0.095782 0.968037
0.095433 0.970320
0.095809 0.972603
0.095528 0.974886
0.096077 0.977169
0.096459 0.979452
0.099101 0.981735
0.105774 0.984018
0.125351 0.986301
0.176796 0.988584
0.298238 0.990868
0.533393 0.993151
0.840680 0.995434
