title="d2z6      Re=86000     iterations=385001 "
 zone t="d2z6"variables=u/U,Y
-0.000000 0.000000
-0.012811 0.002283
-0.041565 0.004566
-0.065633 0.006849
-0.081368 0.009132
-0.093750 0.011416
-0.106809 0.013699
-0.125990 0.015982
-0.144121 0.018265
-0.171093 0.020548
-0.190716 0.022831
-0.214830 0.025114
-0.226184 0.027397
-0.234470 0.029680
-0.233772 0.031963
-0.228234 0.034247
-0.223320 0.036530
-0.219103 0.038813
-0.218363 0.041096
-0.220027 0.043379
-0.220854 0.045662
-0.222575 0.047945
-0.223057 0.050228
-0.225621 0.052511
-0.226133 0.054795
-0.227385 0.057078
-0.226693 0.059361
-0.226401 0.061644
-0.225920 0.063927
-0.226041 0.066210
-0.226140 0.068493
-0.225901 0.070776
-0.224867 0.073059
-0.223133 0.075342
-0.219825 0.077626
-0.216093 0.079909
-0.211388 0.082192
-0.207348 0.084475
-0.202758 0.086758
-0.199490 0.089041
-0.196147 0.091324
-0.194531 0.093607
-0.192619 0.095890
-0.192169 0.098174
-0.191561 0.100457
-0.192042 0.102740
-0.192493 0.105023
-0.193969 0.107306
-0.195469 0.109589
-0.197208 0.111872
-0.199371 0.114155
-0.200940 0.116438
-0.203259 0.118721
-0.204036 0.121005
-0.206468 0.123288
-0.206907 0.125571
-0.209559 0.127854
-0.210284 0.130137
-0.213123 0.132420
-0.214081 0.134703
-0.217004 0.136986
-0.218263 0.139269
-0.221093 0.141553
-0.222247 0.143836
-0.225009 0.146119
-0.226104 0.148402
-0.228630 0.150685
-0.229423 0.152968
-0.231749 0.155251
-0.232348 0.157534
-0.234238 0.159817
-0.234534 0.162100
-0.236275 0.164384
-0.236336 0.166667
-0.237365 0.168950
-0.237136 0.171233
-0.238033 0.173516
-0.237672 0.175799
-0.237623 0.178082
-0.237127 0.180365
-0.236930 0.182648
-0.236279 0.184932
-0.235190 0.187215
-0.234462 0.189498
-0.233316 0.191781
-0.232729 0.194064
-0.230450 0.196347
-0.229705 0.198630
-0.228116 0.200913
-0.227710 0.203196
-0.224460 0.205479
-0.223989 0.207763
-0.222278 0.210046
-0.222196 0.212329
-0.218417 0.214612
-0.218176 0.216895
-0.216946 0.219178
-0.217243 0.221461
-0.212925 0.223744
-0.213095 0.226027
-0.212378 0.228311
-0.212778 0.230594
-0.209006 0.232877
-0.209361 0.235160
-0.208108 0.237443
-0.208653 0.239726
-0.206300 0.242009
-0.206294 0.244292
-0.204317 0.246575
-0.204978 0.248858
-0.203324 0.251142
-0.202965 0.253425
-0.201201 0.255708
-0.201276 0.257991
-0.199534 0.260274
-0.199461 0.262557
-0.198137 0.264840
-0.197545 0.267123
-0.196082 0.269406
-0.196333 0.271689
-0.195214 0.273973
-0.195035 0.276256
-0.194298 0.278539
-0.194940 0.280822
-0.194496 0.283105
-0.194517 0.285388
-0.194114 0.287671
-0.196072 0.289954
-0.196018 0.292237
-0.195102 0.294521
-0.194754 0.296804
-0.195661 0.299087
-0.194704 0.301370
-0.192720 0.303653
-0.191518 0.305936
-0.189652 0.308219
-0.188056 0.310502
-0.185075 0.312785
-0.183342 0.315068
-0.181014 0.317352
-0.179373 0.319635
-0.177445 0.321918
-0.176254 0.324201
-0.175344 0.326484
-0.174553 0.328767
-0.174321 0.331050
-0.173507 0.333333
-0.174179 0.335616
-0.173759 0.337900
-0.174587 0.340183
-0.174305 0.342466
-0.176194 0.344749
-0.176570 0.347032
-0.178795 0.349315
-0.179077 0.351598
-0.181853 0.353881
-0.182799 0.356164
-0.184919 0.358447
-0.184880 0.360731
-0.186551 0.363014
-0.186275 0.365297
-0.184772 0.367580
-0.182795 0.369863
-0.181722 0.372146
-0.179848 0.374429
-0.175607 0.376712
-0.172757 0.378995
-0.171756 0.381279
-0.169677 0.383562
-0.165448 0.385845
-0.162761 0.388128
-0.163524 0.390411
-0.161624 0.392694
-0.157539 0.394977
-0.154925 0.397260
-0.156366 0.399543
-0.153982 0.401826
-0.147960 0.404110
-0.144803 0.406393
-0.145409 0.408676
-0.142352 0.410959
-0.133655 0.413242
-0.130091 0.415525
-0.130529 0.417808
-0.127211 0.420091
-0.117887 0.422374
-0.114385 0.424658
-0.116126 0.426941
-0.113019 0.429224
-0.103968 0.431507
-0.100179 0.433790
-0.102624 0.436073
-0.099600 0.438356
-0.090216 0.440639
-0.086059 0.442922
-0.088607 0.445205
-0.085518 0.447489
-0.075860 0.449772
-0.071547 0.452055
-0.074084 0.454338
-0.070749 0.456621
-0.060913 0.458904
-0.056666 0.461187
-0.058929 0.463470
-0.055307 0.465753
-0.045449 0.468037
-0.041299 0.470320
-0.043080 0.472603
-0.039317 0.474886
-0.029553 0.477169
-0.025520 0.479452
-0.026740 0.481735
-0.023006 0.484018
-0.013406 0.486301
-0.009588 0.488584
-0.010211 0.490868
-0.006668 0.493151
0.002608 0.495434
0.006202 0.497717
0.006134 0.500000
0.009464 0.502283
0.018244 0.504566
0.021593 0.506849
0.021969 0.509132
0.025091 0.511416
0.033330 0.513699
0.036494 0.515982
0.037187 0.518265
0.040185 0.520548
0.047833 0.522831
0.051051 0.525114
0.051993 0.527397
0.054903 0.529680
0.061937 0.531963
0.065872 0.534247
0.067098 0.536530
0.069700 0.538813
0.076460 0.541096
0.081451 0.543379
0.082928 0.545662
0.086184 0.547945
0.093037 0.550228
0.098555 0.552511
0.100907 0.554795
0.105502 0.557078
0.112723 0.559361
0.118953 0.561644
0.122980 0.563927
0.128507 0.566210
0.136654 0.568493
0.143334 0.570776
0.149640 0.573059
0.154372 0.575342
0.163460 0.577626
0.169293 0.579909
0.176173 0.582192
0.179418 0.584475
0.188339 0.586758
0.191284 0.589041
0.196908 0.591324
0.198782 0.593607
0.205799 0.595890
0.206982 0.598174
0.211114 0.600457
0.211677 0.602740
0.216834 0.605023
0.217382 0.607306
0.220240 0.609589
0.220030 0.611872
0.223398 0.614155
0.222653 0.616438
0.224773 0.618721
0.223471 0.621005
0.225046 0.623288
0.224071 0.625571
0.222061 0.627854
0.219801 0.630137
0.221961 0.632420
0.219422 0.634703
0.215566 0.636986
0.213001 0.639269
0.213320 0.641553
0.210549 0.643836
0.206743 0.646119
0.203882 0.648402
0.204496 0.650685
0.202215 0.652968
0.197706 0.655251
0.195132 0.657534
0.197716 0.659817
0.195831 0.662100
0.191188 0.664384
0.189638 0.666667
0.192063 0.668950
0.190161 0.671233
0.188556 0.673516
0.187721 0.675799
0.188554 0.678082
0.188163 0.680365
0.189843 0.682648
0.190456 0.684932
0.193236 0.687215
0.194204 0.689498
0.196067 0.691781
0.195457 0.694064
0.195196 0.696347
0.192441 0.698630
0.189530 0.700913
0.184969 0.703196
0.180459 0.705479
0.174783 0.707763
0.169850 0.710046
0.164304 0.712329
0.159599 0.714612
0.155336 0.716895
0.152968 0.719178
0.149327 0.721461
0.147020 0.723744
0.145015 0.726027
0.145561 0.728311
0.143810 0.730594
0.142745 0.732877
0.142195 0.735160
0.143597 0.737443
0.142378 0.739726
0.142428 0.742009
0.143519 0.744292
0.145464 0.746575
0.146113 0.748858
0.148819 0.751142
0.151470 0.753425
0.154919 0.755708
0.157883 0.757991
0.163000 0.760274
0.166676 0.762557
0.172168 0.764840
0.175661 0.767123
0.181424 0.769406
0.184417 0.771689
0.190394 0.773973
0.192324 0.776256
0.197446 0.778539
0.199397 0.780822
0.204083 0.783105
0.206228 0.785388
0.210007 0.787671
0.211878 0.789954
0.214606 0.792237
0.216267 0.794521
0.218098 0.796804
0.219571 0.799087
0.220663 0.801370
0.221576 0.803653
0.221820 0.805936
0.222602 0.808219
0.222075 0.810502
0.222660 0.812785
0.221685 0.815068
0.221806 0.817352
0.219855 0.819635
0.219835 0.821918
0.217767 0.824201
0.217577 0.826484
0.215060 0.828767
0.214525 0.831050
0.212107 0.833333
0.211593 0.835616
0.209322 0.837900
0.208777 0.840183
0.206865 0.842466
0.206146 0.844749
0.204391 0.847032
0.203781 0.849315
0.202785 0.851598
0.202104 0.853881
0.201051 0.856164
0.200151 0.858447
0.198182 0.860731
0.197316 0.863014
0.194426 0.865297
0.193525 0.867580
0.190524 0.869863
0.189668 0.872146
0.186927 0.874429
0.186194 0.876712
0.184146 0.878995
0.183535 0.881279
0.181367 0.883562
0.180825 0.885845
0.178563 0.888128
0.178146 0.890411
0.175962 0.892694
0.175716 0.894977
0.173476 0.897260
0.173305 0.899543
0.170968 0.901826
0.171053 0.904110
0.168971 0.906393
0.169172 0.908676
0.167083 0.910959
0.167492 0.913242
0.165430 0.915525
0.166073 0.917808
0.164297 0.920091
0.165063 0.922374
0.163335 0.924658
0.164379 0.926941
0.162690 0.929224
0.163909 0.931507
0.162585 0.933790
0.163949 0.936073
0.162679 0.938356
0.164302 0.940639
0.163134 0.942922
0.164910 0.945205
0.164110 0.947489
0.166015 0.949772
0.165302 0.952055
0.167438 0.954338
0.166850 0.956621
0.169091 0.958904
0.168870 0.961187
0.171223 0.963470
0.171060 0.965753
0.173602 0.968037
0.173509 0.970320
0.176056 0.972603
0.176090 0.974886
0.178529 0.977169
0.178432 0.979452
0.181120 0.981735
0.183002 0.984018
0.192230 0.986301
0.219628 0.988584
0.304331 0.990868
0.510720 0.993151
0.825288 0.995434
