title="d2z6      Re=86000     iterations=70001 "
 zone t="d2z6"variables=u/U,Y
-0.000009 0.000000
0.011611 0.002283
0.026243 0.004566
0.031787 0.006849
0.030058 0.009132
0.029472 0.011416
0.026116 0.013699
0.025421 0.015982
0.022170 0.018265
0.021799 0.020548
0.018652 0.022831
0.018539 0.025114
0.015284 0.027397
0.014988 0.029680
0.011402 0.031963
0.010489 0.034247
0.006754 0.036530
0.005182 0.038813
0.001832 0.041096
-0.000020 0.043379
-0.002410 0.045662
-0.003981 0.047945
-0.005127 0.050228
-0.006065 0.052511
-0.006031 0.054795
-0.006250 0.057078
-0.005427 0.059361
-0.005088 0.061644
-0.004134 0.063927
-0.003579 0.066210
-0.002999 0.068493
-0.002442 0.070776
-0.002240 0.073059
-0.001630 0.075342
-0.001574 0.077626
-0.000845 0.079909
-0.000868 0.082192
-0.000047 0.084475
-0.000199 0.086758
0.000738 0.089041
0.000479 0.091324
0.001585 0.093607
0.001293 0.095890
0.002716 0.098174
0.002634 0.100457
0.005003 0.102740
0.005777 0.105023
0.009745 0.107306
0.011070 0.109589
0.015009 0.111872
0.015002 0.114155
0.017756 0.116438
0.016966 0.118721
0.020185 0.121005
0.019527 0.123288
0.023458 0.125571
0.022654 0.127854
0.026887 0.130137
0.025310 0.132420
0.028528 0.134703
0.024608 0.136986
0.024453 0.139269
0.017103 0.141553
0.013641 0.143836
0.004396 0.146119
0.000339 0.148402
-0.008908 0.150685
-0.011905 0.152968
-0.020768 0.155251
-0.023262 0.157534
-0.031936 0.159817
-0.034365 0.162100
-0.042873 0.164384
-0.045657 0.166667
-0.053998 0.168950
-0.057320 0.171233
-0.065300 0.173516
-0.069150 0.175799
-0.076544 0.178082
-0.080836 0.180365
-0.087296 0.182648
-0.091972 0.184932
-0.097203 0.187215
-0.102248 0.189498
-0.106104 0.191781
-0.111419 0.194064
-0.113860 0.196347
-0.119217 0.198630
-0.120262 0.200913
-0.125471 0.203196
-0.125198 0.205479
-0.130093 0.207763
-0.128537 0.210046
-0.132907 0.212329
-0.130235 0.214612
-0.134065 0.216895
-0.130471 0.219178
-0.134008 0.221461
-0.130122 0.223744
-0.133479 0.226027
-0.130191 0.228311
-0.133637 0.230594
-0.131710 0.232877
-0.135543 0.235160
-0.135134 0.237443
-0.139059 0.239726
-0.139909 0.242009
-0.143805 0.244292
-0.145175 0.246575
-0.150161 0.248858
-0.152049 0.251142
-0.156617 0.253425
-0.158617 0.255708
-0.164025 0.257991
-0.165508 0.260274
-0.170231 0.262557
-0.171094 0.264840
-0.175692 0.267123
-0.176124 0.269406
-0.180108 0.271689
-0.180868 0.273973
-0.184769 0.276256
-0.187050 0.278539
-0.191983 0.280822
-0.197839 0.283105
-0.202910 0.285388
-0.212105 0.287671
-0.218285 0.289954
-0.225576 0.292237
-0.227406 0.294521
-0.222563 0.296804
-0.217762 0.299087
-0.197629 0.301370
-0.185413 0.303653
-0.156643 0.305936
-0.142075 0.308219
-0.111659 0.310502
-0.092456 0.312785
-0.062948 0.315068
-0.056407 0.317352
-0.034195 0.319635
-0.025716 0.321918
-0.018460 0.324201
-0.019443 0.326484
-0.019570 0.328767
-0.021883 0.331050
-0.023513 0.333333
-0.025739 0.335616
-0.026099 0.337900
-0.027241 0.340183
-0.026120 0.342466
-0.027083 0.344749
-0.024972 0.347032
-0.024756 0.349315
-0.021947 0.351598
-0.021866 0.353881
-0.018450 0.356164
-0.017457 0.358447
-0.013795 0.360731
-0.012821 0.363014
-0.008837 0.365297
-0.007381 0.367580
-0.003332 0.369863
-0.001726 0.372146
0.002339 0.374429
0.004220 0.376712
0.008222 0.378995
0.010208 0.381279
0.014198 0.383562
0.016343 0.385845
0.020177 0.388128
0.022303 0.390411
0.025872 0.392694
0.027988 0.394977
0.031115 0.397260
0.033126 0.399543
0.035848 0.401826
0.037678 0.404110
0.040113 0.406393
0.041805 0.408676
0.044157 0.410959
0.045403 0.413242
0.047634 0.415525
0.048751 0.417808
0.050911 0.420091
0.051364 0.422374
0.053330 0.424658
0.053429 0.426941
0.055063 0.429224
0.054449 0.431507
0.055887 0.433790
0.054714 0.436073
0.056015 0.438356
0.053962 0.440639
0.054838 0.442922
0.051835 0.445205
0.051715 0.447489
0.048055 0.449772
0.046773 0.452055
0.041973 0.454338
0.039407 0.456621
0.034591 0.458904
0.030778 0.461187
0.025259 0.463470
0.020322 0.465753
0.015446 0.468037
0.009630 0.470320
0.004672 0.472603
-0.001689 0.474886
-0.005451 0.477169
-0.012069 0.479452
-0.015402 0.481735
-0.021897 0.484018
-0.023745 0.486301
-0.029779 0.488584
-0.031250 0.490868
-0.036750 0.493151
-0.036615 0.495434
-0.041311 0.497717
-0.041509 0.500000
-0.045491 0.502283
-0.044298 0.504566
-0.047589 0.506849
-0.046913 0.509132
-0.049474 0.511416
-0.047927 0.513699
-0.049966 0.515982
-0.048954 0.518265
-0.050747 0.520548
-0.049601 0.522831
-0.051377 0.525114
-0.051111 0.527397
-0.052530 0.529680
-0.052017 0.531963
-0.052946 0.534247
-0.052436 0.536530
-0.053011 0.538813
-0.051946 0.541096
-0.052189 0.543379
-0.052514 0.545662
-0.052924 0.547945
-0.052683 0.550228
-0.052885 0.552511
-0.053309 0.554795
-0.052490 0.557078
-0.051719 0.559361
-0.050430 0.561644
-0.050296 0.563927
-0.048858 0.566210
-0.048984 0.568493
-0.047379 0.570776
-0.047842 0.573059
-0.045931 0.575342
-0.046062 0.577626
-0.043656 0.579909
-0.043692 0.582192
-0.040586 0.584475
-0.039778 0.586758
-0.035969 0.589041
-0.034545 0.591324
-0.030002 0.593607
-0.027489 0.595890
-0.022211 0.598174
-0.018736 0.600457
-0.012963 0.602740
-0.008120 0.605023
-0.002065 0.607306
0.003517 0.609589
0.009662 0.611872
0.016158 0.614155
0.021951 0.616438
0.028992 0.618721
0.034213 0.621005
0.041542 0.623288
0.046097 0.625571
0.053235 0.627854
0.056799 0.630137
0.063754 0.632420
0.066163 0.634703
0.072314 0.636986
0.073525 0.639269
0.078702 0.641553
0.078589 0.643836
0.082881 0.646119
0.081974 0.648402
0.085234 0.650685
0.084014 0.652968
0.086154 0.655251
0.084332 0.657534
0.086202 0.659817
0.084739 0.662100
0.086566 0.664384
0.086467 0.666667
0.088485 0.668950
0.087979 0.671233
0.089103 0.673516
0.087457 0.675799
0.087554 0.678082
0.085626 0.680365
0.085322 0.682648
0.083301 0.684932
0.083166 0.687215
0.081233 0.689498
0.080867 0.691781
0.079200 0.694064
0.078689 0.696347
0.076995 0.698630
0.076730 0.700913
0.075123 0.703196
0.074645 0.705479
0.073289 0.707763
0.072714 0.710046
0.071303 0.712329
0.071010 0.714612
0.069668 0.716895
0.069158 0.719178
0.068049 0.721461
0.067477 0.723744
0.066281 0.726027
0.066007 0.728311
0.064866 0.730594
0.064366 0.732877
0.063439 0.735160
0.062908 0.737443
0.061870 0.739726
0.061637 0.742009
0.060648 0.744292
0.060176 0.746575
0.059390 0.748858
0.058914 0.751142
0.057996 0.753425
0.057808 0.755708
0.056941 0.757991
0.056500 0.760274
0.055827 0.762557
0.055408 0.764840
0.054587 0.767123
0.054439 0.769406
0.053674 0.771689
0.053265 0.773973
0.052682 0.776256
0.052322 0.778539
0.051577 0.780822
0.051471 0.783105
0.050787 0.785388
0.050417 0.787671
0.049901 0.789954
0.049608 0.792237
0.048917 0.794521
0.048858 0.796804
0.048236 0.799087
0.047913 0.801370
0.047444 0.803653
0.047223 0.805936
0.046571 0.808219
0.046560 0.810502
0.045989 0.812785
0.045715 0.815068
0.045281 0.817352
0.045129 0.819635
0.044511 0.821918
0.044544 0.824201
0.044016 0.826484
0.043791 0.828767
0.043385 0.831050
0.043299 0.833333
0.042709 0.835616
0.042785 0.837900
0.042292 0.840183
0.042118 0.842466
0.041731 0.844749
0.041711 0.847032
0.041142 0.849315
0.041261 0.851598
0.040796 0.853881
0.040673 0.856164
0.040303 0.858447
0.040340 0.860731
0.039795 0.863014
0.039951 0.865297
0.039512 0.867580
0.039434 0.869863
0.039083 0.872146
0.039167 0.874429
0.038648 0.876712
0.038832 0.878995
0.038422 0.881279
0.038381 0.883562
0.038052 0.885845
0.038173 0.888128
0.037682 0.890411
0.037888 0.892694
0.037507 0.894977
0.037497 0.897260
0.037192 0.899543
0.037340 0.901826
0.036881 0.904110
0.037102 0.906393
0.036749 0.908676
0.036766 0.910959
0.036487 0.913242
0.036652 0.915525
0.036227 0.917808
0.036459 0.920091
0.036134 0.922374
0.036172 0.924658
0.035922 0.926941
0.036098 0.929224
0.035705 0.931507
0.035941 0.933790
0.035651 0.936073
0.035706 0.938356
0.035477 0.940639
0.035657 0.942922
0.035307 0.945205
0.035546 0.947489
0.035277 0.949772
0.035348 0.952055
0.035154 0.954338
0.035333 0.956621
0.035015 0.958904
0.035259 0.961187
0.035018 0.963470
0.035108 0.965753
0.034935 0.968037
0.035132 0.970320
0.034869 0.972603
0.035241 0.974886
0.035332 0.977169
0.036502 0.979452
0.039268 0.981735
0.047850 0.984018
0.069675 0.986301
0.126328 0.988584
0.254678 0.990868
0.500213 0.993151
0.827415 0.995434
