title="d2z6      Re=86000     iterations=225001 "
 zone t="d2z6"variables=u/U,Y
0.000004 0.000000
-0.012552 0.002283
-0.034725 0.004566
-0.043667 0.006849
-0.047270 0.009132
-0.046141 0.011416
-0.047908 0.013699
-0.046759 0.015982
-0.048410 0.018265
-0.047281 0.020548
-0.048822 0.022831
-0.047676 0.025114
-0.049075 0.027397
-0.047894 0.029680
-0.049231 0.031963
-0.048142 0.034247
-0.049512 0.036530
-0.048689 0.038813
-0.050170 0.041096
-0.049670 0.043379
-0.051264 0.045662
-0.051073 0.047945
-0.052734 0.050228
-0.052877 0.052511
-0.054515 0.054795
-0.055005 0.057078
-0.056634 0.059361
-0.057562 0.061644
-0.059136 0.063927
-0.060622 0.066210
-0.062175 0.068493
-0.064266 0.070776
-0.065817 0.073059
-0.068554 0.075342
-0.070135 0.077626
-0.073758 0.079909
-0.075385 0.082192
-0.079874 0.084475
-0.081608 0.086758
-0.087212 0.089041
-0.088948 0.091324
-0.095629 0.093607
-0.097490 0.095890
-0.104901 0.098174
-0.106897 0.100457
-0.114662 0.102740
-0.116815 0.105023
-0.124619 0.107306
-0.126980 0.109589
-0.133984 0.111872
-0.136362 0.114155
-0.143402 0.116438
-0.145846 0.118721
-0.151267 0.121005
-0.153679 0.123288
-0.159021 0.125571
-0.161388 0.127854
-0.165456 0.130137
-0.167821 0.132420
-0.171759 0.134703
-0.174030 0.136986
-0.177710 0.139269
-0.179947 0.141553
-0.183494 0.143836
-0.185605 0.146119
-0.189413 0.148402
-0.191359 0.150685
-0.195202 0.152968
-0.196882 0.155251
-0.201010 0.157534
-0.202239 0.159817
-0.206207 0.162100
-0.206772 0.164384
-0.210566 0.166667
-0.210113 0.168950
-0.212982 0.171233
-0.211276 0.173516
-0.212223 0.175799
-0.209174 0.178082
-0.208545 0.180365
-0.204435 0.182648
-0.201748 0.184932
-0.197046 0.187215
-0.193522 0.189498
-0.188755 0.191781
-0.184194 0.194064
-0.179872 0.196347
-0.175645 0.198630
-0.171671 0.200913
-0.167219 0.203196
-0.163483 0.205479
-0.160011 0.207763
-0.156641 0.210046
-0.153327 0.212329
-0.150682 0.214612
-0.148638 0.216895
-0.146850 0.219178
-0.144548 0.221461
-0.143588 0.223744
-0.142278 0.226027
-0.141992 0.228311
-0.139575 0.230594
-0.139478 0.232877
-0.137447 0.235160
-0.137084 0.237443
-0.133360 0.239726
-0.132320 0.242009
-0.128479 0.244292
-0.126626 0.246575
-0.121196 0.248858
-0.118266 0.251142
-0.112758 0.253425
-0.108776 0.255708
-0.103127 0.257991
-0.099434 0.260274
-0.094603 0.262557
-0.089227 0.264840
-0.083853 0.267123
-0.075862 0.269406
-0.071006 0.271689
-0.063418 0.273973
-0.059752 0.276256
-0.053008 0.278539
-0.050604 0.280822
-0.043899 0.283105
-0.042797 0.285388
-0.035940 0.287671
-0.037165 0.289954
-0.031256 0.292237
-0.035916 0.294521
-0.032212 0.296804
-0.040776 0.299087
-0.040606 0.301370
-0.053554 0.303653
-0.058320 0.305936
-0.075127 0.308219
-0.086269 0.310502
-0.105753 0.312785
-0.122975 0.315068
-0.142319 0.317352
-0.163565 0.319635
-0.180546 0.321918
-0.202813 0.324201
-0.215239 0.326484
-0.235607 0.328767
-0.242446 0.331050
-0.258812 0.333333
-0.260439 0.335616
-0.272354 0.337900
-0.268035 0.340183
-0.276923 0.342466
-0.268675 0.344749
-0.272328 0.347032
-0.274323 0.349315
-0.275828 0.351598
-0.260197 0.353881
-0.263186 0.356164
-0.268889 0.358447
-0.271460 0.360731
-0.268324 0.363014
-0.270341 0.365297
-0.270921 0.367580
-0.272377 0.369863
-0.272090 0.372146
-0.272834 0.374429
-0.273299 0.376712
-0.273970 0.378995
-0.274825 0.381279
-0.275286 0.383562
-0.276661 0.385845
-0.277188 0.388128
-0.279508 0.390411
-0.279844 0.392694
-0.281817 0.394977
-0.281604 0.397260
-0.283434 0.399543
-0.282328 0.401826
-0.281317 0.404110
-0.279290 0.406393
-0.278671 0.408676
-0.276113 0.410959
-0.272802 0.413242
-0.269855 0.415525
-0.267071 0.417808
-0.263680 0.420091
-0.259277 0.422374
-0.255736 0.424658
-0.252578 0.426941
-0.248906 0.429224
-0.244226 0.431507
-0.240126 0.433790
-0.236875 0.436073
-0.232328 0.438356
-0.227117 0.440639
-0.221722 0.442922
-0.219021 0.445205
-0.212934 0.447489
-0.206411 0.449772
-0.199307 0.452055
-0.196269 0.454338
-0.188246 0.456621
-0.180461 0.458904
-0.171156 0.461187
-0.168175 0.463470
-0.158766 0.465753
-0.147445 0.468037
-0.136229 0.470320
-0.136815 0.472603
-0.126870 0.474886
-0.108501 0.477169
-0.096052 0.479452
-0.105152 0.481735
-0.095500 0.484018
-0.066483 0.486301
-0.056482 0.488584
-0.071733 0.490868
-0.059373 0.493151
-0.034053 0.495434
-0.026880 0.497717
-0.032934 0.500000
-0.023350 0.502283
-0.009211 0.504566
-0.003367 0.506849
-0.003311 0.509132
0.002980 0.511416
0.010976 0.513699
0.015459 0.515982
0.017857 0.518265
0.022243 0.520548
0.027249 0.522831
0.030436 0.525114
0.033342 0.527397
0.036077 0.529680
0.039493 0.531963
0.041572 0.534247
0.043947 0.536530
0.045318 0.538813
0.048736 0.541096
0.050146 0.543379
0.051091 0.545662
0.051944 0.547945
0.056914 0.550228
0.058280 0.552511
0.057504 0.554795
0.058565 0.557078
0.065156 0.559361
0.066538 0.561644
0.065414 0.563927
0.066741 0.566210
0.073245 0.568493
0.074137 0.570776
0.073843 0.573059
0.074958 0.575342
0.079616 0.577626
0.079917 0.579909
0.080668 0.582192
0.081491 0.584475
0.085017 0.586758
0.085595 0.589041
0.087376 0.591324
0.088298 0.593607
0.091869 0.595890
0.093674 0.598174
0.096788 0.600457
0.099384 0.602740
0.104260 0.605023
0.106746 0.607306
0.110968 0.609589
0.113294 0.611872
0.116936 0.614155
0.117915 0.616438
0.120511 0.618721
0.120166 0.621005
0.122017 0.623288
0.121902 0.625571
0.122581 0.627854
0.121859 0.630137
0.123838 0.632420
0.123285 0.634703
0.125536 0.636986
0.126182 0.639269
0.127771 0.641553
0.126101 0.643836
0.124681 0.646119
0.120712 0.648402
0.119762 0.650685
0.117479 0.652968
0.117061 0.655251
0.116202 0.657534
0.117511 0.659817
0.117846 0.662100
0.119229 0.664384
0.119612 0.666667
0.121290 0.668950
0.122914 0.671233
0.124497 0.673516
0.124093 0.675799
0.125695 0.678082
0.127723 0.680365
0.128771 0.682648
0.126915 0.684932
0.128798 0.687215
0.131315 0.689498
0.132251 0.691781
0.129749 0.694064
0.131976 0.696347
0.135308 0.698630
0.136193 0.700913
0.133596 0.703196
0.136400 0.705479
0.140349 0.707763
0.140677 0.710046
0.138790 0.712329
0.142310 0.714612
0.146016 0.716895
0.145882 0.719178
0.145268 0.721461
0.149034 0.723744
0.152249 0.726027
0.151921 0.728311
0.152447 0.730594
0.155993 0.732877
0.158983 0.735160
0.158553 0.737443
0.160310 0.739726
0.162957 0.742009
0.165804 0.744292
0.165869 0.746575
0.168920 0.748858
0.170103 0.751142
0.173557 0.753425
0.174185 0.755708
0.178134 0.757991
0.178788 0.760274
0.183438 0.762557
0.184232 0.764840
0.189174 0.767123
0.190359 0.769406
0.195700 0.771689
0.197103 0.773973
0.202740 0.776256
0.204562 0.778539
0.209939 0.780822
0.212216 0.783105
0.217258 0.785388
0.219661 0.787671
0.224279 0.789954
0.226759 0.792237
0.230497 0.794521
0.232983 0.796804
0.235941 0.799087
0.238143 0.801370
0.240491 0.803653
0.242319 0.805936
0.243870 0.808219
0.245420 0.810502
0.246437 0.812785
0.247570 0.815068
0.248346 0.817352
0.249116 0.819635
0.249432 0.821918
0.250003 0.824201
0.250069 0.826484
0.250462 0.828767
0.250418 0.831050
0.250432 0.833333
0.249952 0.835616
0.249985 0.837900
0.249311 0.840183
0.248848 0.842466
0.247592 0.844749
0.246084 0.847032
0.244317 0.849315
0.243016 0.851598
0.241425 0.853881
0.239916 0.856164
0.238227 0.858447
0.235721 0.860731
0.233629 0.863014
0.230965 0.865297
0.229124 0.867580
0.227002 0.869863
0.225582 0.872146
0.223583 0.874429
0.222037 0.876712
0.220239 0.878995
0.218628 0.881279
0.216898 0.883562
0.215365 0.885845
0.213802 0.888128
0.212179 0.890411
0.210829 0.892694
0.209170 0.894977
0.207806 0.897260
0.206006 0.899543
0.204358 0.901826
0.202244 0.904110
0.200576 0.906393
0.198343 0.908676
0.196569 0.910959
0.194219 0.913242
0.192274 0.915525
0.189692 0.917808
0.187882 0.920091
0.185194 0.922374
0.183549 0.924658
0.180747 0.926941
0.179196 0.929224
0.176250 0.931507
0.174760 0.933790
0.171664 0.936073
0.169412 0.938356
0.165771 0.940639
0.162145 0.942922
0.157790 0.945205
0.153661 0.947489
0.149055 0.949772
0.145834 0.952055
0.141670 0.954338
0.140371 0.956621
0.137206 0.958904
0.138184 0.961187
0.135826 0.963470
0.137915 0.965753
0.136371 0.968037
0.139704 0.970320
0.139507 0.972603
0.143949 0.974886
0.146694 0.977169
0.152950 0.979452
0.161771 0.981735
0.171592 0.984018
0.197308 0.986301
0.253135 0.988584
0.268557 0.990868
0.346230 0.993151
0.713222 0.995434
