title="d2z6      Re=86000     iterations=155001 "
 zone t="d2z6"variables=u/U,Y
0.000002 0.000000
-0.001665 0.002283
-0.004968 0.004566
-0.009209 0.006849
-0.013086 0.009132
-0.017989 0.011416
-0.022152 0.013699
-0.027887 0.015982
-0.032303 0.018265
-0.039169 0.020548
-0.044160 0.022831
-0.052952 0.025114
-0.058791 0.027397
-0.070126 0.029680
-0.076932 0.031963
-0.090686 0.034247
-0.097609 0.036530
-0.111184 0.038813
-0.116544 0.041096
-0.126734 0.043379
-0.129420 0.045662
-0.134681 0.047945
-0.134920 0.050228
-0.136474 0.052511
-0.135511 0.054795
-0.135807 0.057078
-0.134605 0.059361
-0.134803 0.061644
-0.133520 0.063927
-0.133537 0.066210
-0.132094 0.068493
-0.131806 0.070776
-0.130216 0.073059
-0.129738 0.075342
-0.128035 0.077626
-0.127320 0.079909
-0.125479 0.082192
-0.124648 0.084475
-0.122649 0.086758
-0.121668 0.089041
-0.119526 0.091324
-0.118345 0.093607
-0.116033 0.095890
-0.114656 0.098174
-0.112192 0.100457
-0.110550 0.102740
-0.107998 0.105023
-0.106103 0.107306
-0.103492 0.109589
-0.101314 0.111872
-0.098700 0.114155
-0.096323 0.116438
-0.093783 0.118721
-0.091172 0.121005
-0.088746 0.123288
-0.085992 0.125571
-0.083746 0.127854
-0.080879 0.130137
-0.078934 0.132420
-0.076022 0.134703
-0.074466 0.136986
-0.071583 0.139269
-0.070508 0.141553
-0.067754 0.143836
-0.067217 0.146119
-0.064637 0.148402
-0.064572 0.150685
-0.062201 0.152968
-0.062489 0.155251
-0.060341 0.157534
-0.060946 0.159817
-0.059010 0.162100
-0.059941 0.164384
-0.058300 0.166667
-0.059633 0.168950
-0.057924 0.171233
-0.058278 0.173516
-0.055043 0.175799
-0.053067 0.178082
-0.048316 0.180365
-0.044999 0.182648
-0.040055 0.184932
-0.036838 0.187215
-0.032560 0.189498
-0.029996 0.191781
-0.026387 0.194064
-0.024465 0.196347
-0.021389 0.198630
-0.020050 0.200913
-0.017403 0.203196
-0.016730 0.205479
-0.014791 0.207763
-0.015071 0.210046
-0.014130 0.212329
-0.015356 0.214612
-0.014549 0.216895
-0.015722 0.219178
-0.013366 0.221461
-0.014377 0.223744
-0.010933 0.226027
-0.012307 0.228311
-0.008181 0.230594
-0.010441 0.232877
-0.007605 0.235160
-0.011289 0.237443
-0.010970 0.239726
-0.015870 0.242009
-0.018140 0.244292
-0.023613 0.246575
-0.027677 0.248858
-0.033164 0.251142
-0.038604 0.253425
-0.043519 0.255708
-0.049816 0.257991
-0.053546 0.260274
-0.060175 0.262557
-0.062234 0.264840
-0.068540 0.267123
-0.068710 0.269406
-0.074181 0.271689
-0.072549 0.273973
-0.076843 0.276256
-0.073795 0.278539
-0.076946 0.280822
-0.072994 0.283105
-0.075204 0.285388
-0.070972 0.287671
-0.072410 0.289954
-0.068247 0.292237
-0.069514 0.294521
-0.065569 0.296804
-0.066732 0.299087
-0.063063 0.301370
-0.064320 0.303653
-0.060579 0.305936
-0.062443 0.308219
-0.058684 0.310502
-0.060524 0.312785
-0.056571 0.315068
-0.059300 0.317352
-0.055260 0.319635
-0.057810 0.321918
-0.053836 0.324201
-0.057195 0.326484
-0.053324 0.328767
-0.056473 0.331050
-0.052911 0.333333
-0.056584 0.335616
-0.053369 0.337900
-0.056669 0.340183
-0.053813 0.342466
-0.057439 0.344749
-0.054854 0.347032
-0.057923 0.349315
-0.055621 0.351598
-0.058674 0.353881
-0.056485 0.356164
-0.058731 0.358447
-0.056721 0.360731
-0.058631 0.363014
-0.056824 0.365297
-0.057750 0.367580
-0.056283 0.369863
-0.056877 0.372146
-0.055914 0.374429
-0.055764 0.376712
-0.055567 0.378995
-0.055347 0.381279
-0.055981 0.383562
-0.055501 0.385845
-0.057060 0.388128
-0.056872 0.390411
-0.059244 0.392694
-0.059026 0.394977
-0.062001 0.397260
-0.062130 0.399543
-0.065461 0.401826
-0.065467 0.404110
-0.068888 0.406393
-0.069040 0.408676
-0.072274 0.410959
-0.071984 0.413242
-0.074858 0.415525
-0.074369 0.417808
-0.076653 0.420091
-0.075080 0.422374
-0.076508 0.424658
-0.074332 0.426941
-0.074814 0.429224
-0.070939 0.431507
-0.070433 0.433790
-0.066509 0.436073
-0.065119 0.438356
-0.060130 0.440639
-0.058256 0.442922
-0.053975 0.445205
-0.051807 0.447489
-0.047602 0.449772
-0.045646 0.452055
-0.042574 0.454338
-0.041018 0.456621
-0.038680 0.458904
-0.037607 0.461187
-0.036356 0.463470
-0.035668 0.465753
-0.034959 0.468037
-0.034699 0.470320
-0.034801 0.472603
-0.034835 0.474886
-0.035531 0.477169
-0.035964 0.479452
-0.037227 0.481735
-0.038088 0.484018
-0.039846 0.486301
-0.040968 0.488584
-0.043167 0.490868
-0.044482 0.493151
-0.046841 0.495434
-0.048265 0.497717
-0.050989 0.500000
-0.052381 0.502283
-0.055327 0.504566
-0.056898 0.506849
-0.059910 0.509132
-0.061710 0.511416
-0.064907 0.513699
-0.066859 0.515982
-0.070166 0.518265
-0.072458 0.520548
-0.075557 0.522831
-0.078194 0.525114
-0.081215 0.527397
-0.084044 0.529680
-0.086810 0.531963
-0.089930 0.534247
-0.092214 0.536530
-0.095496 0.538813
-0.097299 0.541096
-0.100523 0.543379
-0.101730 0.545662
-0.104925 0.547945
-0.105263 0.550228
-0.108248 0.552511
-0.107906 0.554795
-0.110473 0.557078
-0.109227 0.559361
-0.111402 0.561644
-0.109423 0.563927
-0.111086 0.566210
-0.108147 0.568493
-0.109133 0.570776
-0.106565 0.573059
-0.107201 0.575342
-0.103213 0.577626
-0.103273 0.579909
-0.101307 0.582192
-0.101003 0.584475
-0.096690 0.586758
-0.096090 0.589041
-0.094355 0.591324
-0.093417 0.593607
-0.088584 0.595890
-0.087635 0.598174
-0.085063 0.600457
-0.083963 0.602740
-0.079332 0.605023
-0.078836 0.607306
-0.075230 0.609589
-0.074968 0.611872
-0.071246 0.614155
-0.071551 0.616438
-0.068107 0.618721
-0.068618 0.621005
-0.065492 0.623288
-0.065371 0.625571
-0.062010 0.627854
-0.061995 0.630137
-0.059196 0.632420
-0.059565 0.634703
-0.056705 0.636986
-0.056152 0.639269
-0.052905 0.641553
-0.052064 0.643836
-0.048812 0.646119
-0.048037 0.648402
-0.045050 0.650685
-0.044391 0.652968
-0.041396 0.655251
-0.040060 0.657534
-0.036536 0.659817
-0.033994 0.662100
-0.030420 0.664384
-0.027666 0.666667
-0.023961 0.668950
-0.020856 0.671233
-0.017622 0.673516
-0.013323 0.675799
-0.008049 0.678082
-0.001813 0.680365
0.001809 0.682648
0.008845 0.684932
0.014656 0.687215
0.021125 0.689498
0.025201 0.691781
0.031013 0.694064
0.035734 0.696347
0.040420 0.698630
0.043932 0.700913
0.047775 0.703196
0.051597 0.705479
0.055000 0.707763
0.058059 0.710046
0.061325 0.712329
0.065061 0.714612
0.068199 0.716895
0.071320 0.719178
0.074257 0.721461
0.077981 0.723744
0.080603 0.726027
0.083777 0.728311
0.086096 0.730594
0.089631 0.732877
0.091591 0.735160
0.094335 0.737443
0.095903 0.739726
0.098906 0.742009
0.100237 0.744292
0.102516 0.746575
0.103829 0.748858
0.106516 0.751142
0.107807 0.753425
0.109886 0.755708
0.111092 0.757991
0.113467 0.760274
0.114593 0.762557
0.116310 0.764840
0.117393 0.767123
0.119555 0.769406
0.120738 0.771689
0.122392 0.773973
0.123865 0.776256
0.126093 0.778539
0.127948 0.780822
0.129920 0.783105
0.132271 0.785388
0.134892 0.787671
0.137769 0.789954
0.140173 0.792237
0.143426 0.794521
0.146462 0.796804
0.149946 0.799087
0.152582 0.801370
0.156160 0.803653
0.159212 0.805936
0.162702 0.808219
0.165121 0.810502
0.168389 0.812785
0.171123 0.815068
0.174152 0.817352
0.175865 0.819635
0.178462 0.821918
0.180581 0.824201
0.182757 0.826484
0.183551 0.828767
0.185229 0.831050
0.186359 0.833333
0.187376 0.835616
0.187110 0.837900
0.187362 0.840183
0.187075 0.842466
0.186366 0.844749
0.184669 0.847032
0.182946 0.849315
0.181120 0.851598
0.178588 0.853881
0.175898 0.856164
0.173086 0.858447
0.170856 0.860731
0.168327 0.863014
0.166201 0.865297
0.164470 0.867580
0.163370 0.869863
0.162562 0.872146
0.161704 0.874429
0.161561 0.876712
0.161503 0.878995
0.161677 0.881279
0.161381 0.883562
0.161540 0.885845
0.161544 0.888128
0.161509 0.890411
0.161195 0.892694
0.161084 0.894977
0.161048 0.897260
0.160971 0.899543
0.160809 0.901826
0.160872 0.904110
0.161128 0.906393
0.161385 0.908676
0.161556 0.910959
0.161899 0.913242
0.162264 0.915525
0.162465 0.917808
0.162545 0.920091
0.162417 0.922374
0.162282 0.924658
0.161658 0.926941
0.161139 0.929224
0.160126 0.931507
0.159498 0.933790
0.158291 0.936073
0.157570 0.938356
0.156244 0.940639
0.155533 0.942922
0.154116 0.945205
0.153411 0.947489
0.151927 0.949772
0.151195 0.952055
0.149581 0.954338
0.148797 0.956621
0.147002 0.958904
0.146079 0.961187
0.143970 0.963470
0.142739 0.965753
0.140119 0.968037
0.138604 0.970320
0.135759 0.972603
0.134379 0.974886
0.132103 0.977169
0.131236 0.979452
0.130647 0.981735
0.128906 0.984018
0.147936 0.986301
0.209140 0.988584
0.308342 0.990868
0.495858 0.993151
0.809973 0.995434
