title="d2z6      Re=86000     iterations=35001 "
 zone t="d2z6"variables=u/U,Y
-0.000024 0.000000
-0.002106 0.002283
-0.005924 0.004566
-0.008691 0.006849
-0.010856 0.009132
-0.012325 0.011416
-0.013478 0.013699
-0.014196 0.015982
-0.014794 0.018265
-0.015123 0.020548
-0.015438 0.022831
-0.015565 0.025114
-0.015743 0.027397
-0.015778 0.029680
-0.015885 0.031963
-0.015875 0.034247
-0.015946 0.036530
-0.015911 0.038813
-0.015970 0.041096
-0.015936 0.043379
-0.015989 0.045662
-0.015953 0.047945
-0.015997 0.050228
-0.015955 0.052511
-0.015999 0.054795
-0.015971 0.057078
-0.016015 0.059361
-0.015989 0.061644
-0.016023 0.063927
-0.015989 0.066210
-0.016024 0.068493
-0.016008 0.070776
-0.016045 0.073059
-0.016032 0.075342
-0.016053 0.077626
-0.016030 0.079909
-0.016055 0.082192
-0.016051 0.084475
-0.016079 0.086758
-0.016082 0.089041
-0.016089 0.091324
-0.016078 0.093607
-0.016091 0.095890
-0.016100 0.098174
-0.016118 0.100457
-0.016136 0.102740
-0.016128 0.105023
-0.016131 0.107306
-0.016132 0.109589
-0.016151 0.111872
-0.016159 0.114155
-0.016191 0.116438
-0.016169 0.118721
-0.016185 0.121005
-0.016175 0.123288
-0.016203 0.125571
-0.016201 0.127854
-0.016244 0.130137
-0.016210 0.132420
-0.016238 0.134703
-0.016217 0.136986
-0.016253 0.139269
-0.016242 0.141553
-0.016293 0.143836
-0.016250 0.146119
-0.016286 0.148402
-0.016256 0.150685
-0.016299 0.152968
-0.016279 0.155251
-0.016336 0.157534
-0.016285 0.159817
-0.016327 0.162100
-0.016289 0.164384
-0.016336 0.166667
-0.016308 0.168950
-0.016369 0.171233
-0.016313 0.173516
-0.016358 0.175799
-0.016312 0.178082
-0.016363 0.180365
-0.016327 0.182648
-0.016391 0.184932
-0.016330 0.187215
-0.016377 0.189498
-0.016324 0.191781
-0.016376 0.194064
-0.016334 0.196347
-0.016399 0.198630
-0.016334 0.200913
-0.016381 0.203196
-0.016322 0.205479
-0.016374 0.207763
-0.016326 0.210046
-0.016391 0.212329
-0.016322 0.214612
-0.016369 0.216895
-0.016302 0.219178
-0.016355 0.221461
-0.016302 0.223744
-0.016365 0.226027
-0.016293 0.228311
-0.016337 0.230594
-0.016263 0.232877
-0.016315 0.235160
-0.016259 0.237443
-0.016319 0.239726
-0.016244 0.242009
-0.016285 0.244292
-0.016204 0.246575
-0.016255 0.248858
-0.016196 0.251142
-0.016253 0.253425
-0.016175 0.255708
-0.016211 0.257991
-0.016125 0.260274
-0.016175 0.262557
-0.016111 0.264840
-0.016166 0.267123
-0.016084 0.269406
-0.016117 0.271689
-0.016026 0.273973
-0.016073 0.276256
-0.016004 0.278539
-0.016058 0.280822
-0.015971 0.283105
-0.016002 0.285388
-0.015908 0.287671
-0.015950 0.289954
-0.015874 0.292237
-0.015929 0.294521
-0.015835 0.296804
-0.015866 0.299087
-0.015767 0.301370
-0.015804 0.303653
-0.015721 0.305936
-0.015776 0.308219
-0.015675 0.310502
-0.015707 0.312785
-0.015601 0.315068
-0.015634 0.317352
-0.015542 0.319635
-0.015597 0.321918
-0.015489 0.324201
-0.015522 0.326484
-0.015408 0.328767
-0.015435 0.331050
-0.015336 0.333333
-0.015391 0.335616
-0.015276 0.337900
-0.015306 0.340183
-0.015185 0.342466
-0.015205 0.344749
-0.015101 0.347032
-0.015152 0.349315
-0.015033 0.351598
-0.015054 0.353881
-0.014931 0.356164
-0.014940 0.358447
-0.014834 0.360731
-0.014876 0.363014
-0.014754 0.365297
-0.014764 0.367580
-0.014640 0.369863
-0.014634 0.372146
-0.014529 0.374429
-0.014558 0.376712
-0.014433 0.378995
-0.014427 0.381279
-0.014307 0.383562
-0.014283 0.385845
-0.014181 0.388128
-0.014191 0.390411
-0.014066 0.392694
-0.014040 0.394977
-0.013924 0.397260
-0.013878 0.399543
-0.013779 0.401826
-0.013767 0.404110
-0.013642 0.406393
-0.013594 0.408676
-0.013482 0.410959
-0.013412 0.413242
-0.013317 0.415525
-0.013278 0.417808
-0.013153 0.420091
-0.013080 0.422374
-0.012972 0.424658
-0.012874 0.426941
-0.012783 0.429224
-0.012715 0.431507
-0.012588 0.433790
-0.012488 0.436073
-0.012383 0.438356
-0.012255 0.440639
-0.012168 0.442922
-0.012066 0.445205
-0.011937 0.447489
-0.011806 0.449772
-0.011703 0.452055
-0.011543 0.454338
-0.011458 0.456621
-0.011320 0.458904
-0.011186 0.461187
-0.011020 0.463470
-0.010921 0.465753
-0.010727 0.468037
-0.010642 0.470320
-0.010465 0.472603
-0.010324 0.474886
-0.010120 0.477169
-0.010024 0.479452
-0.009794 0.481735
-0.009707 0.484018
-0.009488 0.486301
-0.009339 0.488584
-0.009095 0.490868
-0.009000 0.493151
-0.008734 0.495434
-0.008641 0.497717
-0.008380 0.500000
-0.008219 0.502283
-0.007938 0.504566
-0.007841 0.506849
-0.007539 0.509132
-0.007437 0.511416
-0.007135 0.513699
-0.006957 0.515982
-0.006642 0.518265
-0.006539 0.520548
-0.006205 0.522831
-0.006089 0.525114
-0.005747 0.527397
-0.005551 0.529680
-0.005205 0.531963
-0.005095 0.534247
-0.004731 0.536530
-0.004602 0.538813
-0.004221 0.541096
-0.004007 0.543379
-0.003632 0.545662
-0.003519 0.547945
-0.003128 0.550228
-0.002986 0.552511
-0.002570 0.554795
-0.002341 0.557078
-0.001943 0.559361
-0.001824 0.561644
-0.001423 0.563927
-0.001256 0.566210
-0.000829 0.568493
-0.000566 0.570776
-0.000178 0.573059
-0.000026 0.575342
0.000345 0.577626
0.000571 0.579909
0.000964 0.582192
0.001291 0.584475
0.001628 0.586758
0.001838 0.589041
0.002141 0.591324
0.002445 0.593607
0.002772 0.595890
0.003174 0.598174
0.003434 0.600457
0.003711 0.602740
0.003921 0.605023
0.004313 0.607306
0.004553 0.609589
0.005032 0.611872
0.005202 0.614155
0.005544 0.616438
0.005657 0.618721
0.006121 0.621005
0.006283 0.623288
0.006803 0.625571
0.006909 0.627854
0.007268 0.630137
0.007322 0.632420
0.007798 0.634703
0.007927 0.636986
0.008419 0.639269
0.008513 0.641553
0.008818 0.643836
0.008865 0.646119
0.009280 0.648402
0.009428 0.650685
0.009818 0.652968
0.009948 0.655251
0.010139 0.657534
0.010215 0.659817
0.010519 0.662100
0.010708 0.664384
0.010959 0.666667
0.011134 0.668950
0.011196 0.671233
0.011295 0.673516
0.011483 0.675799
0.011696 0.678082
0.011814 0.680365
0.012011 0.682648
0.011962 0.684932
0.012056 0.687215
0.012148 0.689498
0.012351 0.691781
0.012364 0.694064
0.012548 0.696347
0.012426 0.698630
0.012479 0.700913
0.012512 0.703196
0.012672 0.705479
0.012617 0.707763
0.012759 0.710046
0.012606 0.712329
0.012596 0.714612
0.012607 0.716895
0.012707 0.719178
0.012618 0.721461
0.012710 0.723744
0.012563 0.726027
0.012489 0.728311
0.012510 0.730594
0.012554 0.732877
0.012463 0.735160
0.012514 0.737443
0.012405 0.739726
0.012284 0.742009
0.012343 0.744292
0.012351 0.746575
0.012284 0.748858
0.012319 0.751142
0.012270 0.753425
0.012134 0.755708
0.012247 0.757991
0.012252 0.760274
0.012223 0.762557
0.012273 0.764840
0.012295 0.767123
0.012174 0.769406
0.012351 0.771689
0.012376 0.773973
0.012399 0.776256
0.012480 0.778539
0.012580 0.780822
0.012495 0.783105
0.012730 0.785388
0.012797 0.787671
0.012851 0.789954
0.012994 0.792237
0.013121 0.794521
0.013117 0.796804
0.013336 0.799087
0.013490 0.801370
0.013498 0.803653
0.013735 0.805936
0.013814 0.808219
0.013905 0.810502
0.014049 0.812785
0.014276 0.815068
0.014204 0.817352
0.014500 0.819635
0.014498 0.821918
0.014639 0.824201
0.014677 0.826484
0.014930 0.828767
0.014747 0.831050
0.015054 0.833333
0.014930 0.835616
0.015079 0.837900
0.014974 0.840183
0.015210 0.842466
0.014887 0.844749
0.015164 0.847032
0.014899 0.849315
0.015013 0.851598
0.014756 0.853881
0.014938 0.856164
0.014484 0.858447
0.014694 0.860731
0.014301 0.863014
0.014355 0.865297
0.013971 0.867580
0.014080 0.869863
0.013528 0.872146
0.013663 0.874429
0.013178 0.876712
0.013171 0.878995
0.012705 0.881279
0.012749 0.883562
0.012151 0.885845
0.012222 0.888128
0.011701 0.890411
0.011648 0.892694
0.011160 0.894977
0.011160 0.897260
0.010573 0.899543
0.010606 0.901826
0.010101 0.904110
0.010033 0.906393
0.009570 0.908676
0.009558 0.910959
0.009022 0.913242
0.009050 0.915525
0.008593 0.917808
0.008542 0.920091
0.008128 0.922374
0.008136 0.924658
0.007666 0.926941
0.007716 0.929224
0.007318 0.931507
0.007306 0.933790
0.006948 0.936073
0.006993 0.938356
0.006589 0.940639
0.006676 0.942922
0.006332 0.945205
0.006372 0.947489
0.006066 0.949772
0.006158 0.952055
0.005813 0.954338
0.005945 0.956621
0.005657 0.958904
0.005763 0.961187
0.005506 0.963470
0.005673 0.965753
0.005417 0.968037
0.005669 0.970320
0.005526 0.972603
0.006020 0.974886
0.006545 0.977169
0.008804 0.979452
0.013503 0.981735
0.026190 0.984018
0.054562 0.986301
0.119517 0.988584
0.256137 0.990868
0.508277 0.993151
0.832922 0.995434
