title="d2z6      Re=86000     iterations=220001 "
 zone t="d2z6"variables=u/U,Y
-0.000001 0.000000
-0.010315 0.002283
-0.035248 0.004566
-0.065778 0.006849
-0.093240 0.009132
-0.119401 0.011416
-0.138685 0.013699
-0.156232 0.015982
-0.165910 0.018265
-0.174298 0.020548
-0.175903 0.022831
-0.176895 0.025114
-0.174188 0.027397
-0.172062 0.029680
-0.168516 0.031963
-0.166080 0.034247
-0.162855 0.036530
-0.160718 0.038813
-0.157756 0.041096
-0.155755 0.043379
-0.152957 0.045662
-0.151051 0.047945
-0.148466 0.050228
-0.146641 0.052511
-0.144306 0.054795
-0.142570 0.057078
-0.140507 0.059361
-0.138812 0.061644
-0.137084 0.063927
-0.135457 0.066210
-0.134149 0.068493
-0.132625 0.070776
-0.131791 0.073059
-0.130412 0.075342
-0.130083 0.077626
-0.128915 0.079909
-0.129137 0.082192
-0.128199 0.084475
-0.128957 0.086758
-0.128268 0.089041
-0.129529 0.091324
-0.129066 0.093607
-0.130803 0.095890
-0.130563 0.098174
-0.132645 0.100457
-0.132525 0.102740
-0.134896 0.105023
-0.134783 0.107306
-0.137294 0.109589
-0.137069 0.111872
-0.139572 0.114155
-0.139073 0.116438
-0.141444 0.118721
-0.140545 0.121005
-0.142805 0.123288
-0.141797 0.125571
-0.144358 0.127854
-0.144602 0.130137
-0.148424 0.132420
-0.150925 0.134703
-0.155685 0.136986
-0.158539 0.139269
-0.162970 0.141553
-0.165401 0.143836
-0.169688 0.146119
-0.171485 0.148402
-0.175259 0.150685
-0.176365 0.152968
-0.179549 0.155251
-0.179234 0.157534
-0.181594 0.159817
-0.180798 0.162100
-0.182752 0.164384
-0.181327 0.166667
-0.183301 0.168950
-0.182030 0.171233
-0.183672 0.173516
-0.181690 0.175799
-0.182962 0.178082
-0.180896 0.180365
-0.182241 0.182648
-0.180335 0.184932
-0.181815 0.187215
-0.180075 0.189498
-0.181575 0.191781
-0.179864 0.194064
-0.181267 0.196347
-0.179659 0.198630
-0.180813 0.200913
-0.179152 0.203196
-0.179955 0.205479
-0.178280 0.207763
-0.178613 0.210046
-0.176995 0.212329
-0.176891 0.214612
-0.175357 0.216895
-0.174791 0.219178
-0.173376 0.221461
-0.172411 0.223744
-0.171269 0.226027
-0.170125 0.228311
-0.168850 0.230594
-0.167450 0.232877
-0.166701 0.235160
-0.165346 0.237443
-0.163850 0.239726
-0.162348 0.242009
-0.162003 0.244292
-0.160651 0.246575
-0.158523 0.248858
-0.157066 0.251142
-0.156767 0.253425
-0.155225 0.255708
-0.152920 0.257991
-0.151559 0.260274
-0.150393 0.262557
-0.148576 0.264840
-0.146927 0.267123
-0.145250 0.269406
-0.143316 0.271689
-0.141550 0.273973
-0.139963 0.276256
-0.137944 0.278539
-0.136477 0.280822
-0.134474 0.283105
-0.133037 0.285388
-0.131092 0.287671
-0.129839 0.289954
-0.127930 0.292237
-0.126933 0.294521
-0.125095 0.296804
-0.124370 0.299087
-0.122662 0.301370
-0.122099 0.303653
-0.120530 0.305936
-0.120289 0.308219
-0.118893 0.310502
-0.118872 0.312785
-0.117618 0.315068
-0.117989 0.317352
-0.116859 0.319635
-0.117535 0.321918
-0.116550 0.324201
-0.117597 0.326484
-0.116762 0.328767
-0.117992 0.331050
-0.117254 0.333333
-0.118749 0.335616
-0.118136 0.337900
-0.119633 0.340183
-0.119105 0.342466
-0.120846 0.344749
-0.120395 0.347032
-0.121964 0.349315
-0.121544 0.351598
-0.123354 0.353881
-0.122998 0.356164
-0.124474 0.358447
-0.124115 0.360731
-0.125776 0.363014
-0.125402 0.365297
-0.126649 0.367580
-0.126263 0.369863
-0.127740 0.372146
-0.127314 0.374429
-0.128189 0.376712
-0.127651 0.378995
-0.129082 0.381279
-0.128484 0.383562
-0.129039 0.385845
-0.128410 0.388128
-0.129555 0.390411
-0.128747 0.392694
-0.129228 0.394977
-0.128578 0.397260
-0.128958 0.399543
-0.128276 0.401826
-0.128543 0.404110
-0.128034 0.406393
-0.127856 0.408676
-0.127512 0.410959
-0.127639 0.413242
-0.127399 0.415525
-0.127542 0.417808
-0.127310 0.420091
-0.127599 0.422374
-0.127283 0.424658
-0.127006 0.426941
-0.126666 0.429224
-0.125457 0.431507
-0.124978 0.433790
-0.124324 0.436073
-0.124308 0.438356
-0.123005 0.440639
-0.122544 0.442922
-0.124632 0.445205
-0.124396 0.447489
-0.121696 0.449772
-0.119802 0.452055
-0.125189 0.454338
-0.124169 0.456621
-0.117356 0.458904
-0.115338 0.461187
-0.122760 0.463470
-0.121417 0.465753
-0.112661 0.468037
-0.111998 0.470320
-0.116694 0.472603
-0.114403 0.474886
-0.111910 0.477169
-0.111530 0.479452
-0.110072 0.481735
-0.108427 0.484018
-0.110231 0.486301
-0.108640 0.488584
-0.107057 0.490868
-0.106240 0.493151
-0.106382 0.495434
-0.105136 0.497717
-0.106990 0.500000
-0.105944 0.502283
-0.105884 0.504566
-0.104424 0.506849
-0.104927 0.509132
-0.102263 0.511416
-0.101201 0.513699
-0.096713 0.515982
-0.096869 0.518265
-0.092042 0.520548
-0.085354 0.522831
-0.077520 0.525114
-0.080185 0.527397
-0.072636 0.529680
-0.058802 0.531963
-0.048441 0.534247
-0.053770 0.536530
-0.044792 0.538813
-0.021528 0.541096
-0.009932 0.543379
-0.025516 0.545662
-0.014911 0.547945
0.015057 0.550228
0.023716 0.552511
0.010978 0.554795
0.023300 0.557078
0.047350 0.559361
0.056218 0.561644
0.052440 0.563927
0.064358 0.566210
0.078798 0.568493
0.087005 0.570776
0.091080 0.573059
0.099930 0.575342
0.109166 0.577626
0.116739 0.579909
0.121376 0.582192
0.128308 0.584475
0.135723 0.586758
0.141036 0.589041
0.144258 0.591324
0.147737 0.593607
0.151668 0.595890
0.153204 0.598174
0.154389 0.600457
0.155175 0.602740
0.156999 0.605023
0.157500 0.607306
0.158114 0.609589
0.158566 0.611872
0.159755 0.614155
0.159922 0.616438
0.160093 0.618721
0.159857 0.621005
0.160298 0.623288
0.159582 0.625571
0.159286 0.627854
0.158450 0.630137
0.158650 0.632420
0.158083 0.634703
0.157908 0.636986
0.157742 0.639269
0.158307 0.641553
0.158581 0.643836
0.158836 0.646119
0.159542 0.648402
0.160309 0.650685
0.161170 0.652968
0.161711 0.655251
0.162625 0.657534
0.163466 0.659817
0.164325 0.662100
0.164862 0.664384
0.165501 0.666667
0.166403 0.668950
0.166865 0.671233
0.167447 0.673516
0.167851 0.675799
0.168806 0.678082
0.169120 0.680365
0.169951 0.682648
0.170288 0.684932
0.171408 0.687215
0.171822 0.689498
0.172956 0.691781
0.173384 0.694064
0.174803 0.696347
0.175182 0.698630
0.176573 0.700913
0.176832 0.703196
0.178210 0.705479
0.178068 0.707763
0.179068 0.710046
0.178387 0.712329
0.179208 0.714612
0.178124 0.716895
0.178518 0.719178
0.177127 0.721461
0.177691 0.723744
0.176232 0.726027
0.176692 0.728311
0.175478 0.730594
0.176303 0.732877
0.175424 0.735160
0.176418 0.737443
0.175703 0.739726
0.176862 0.742009
0.176127 0.744292
0.177132 0.746575
0.176360 0.748858
0.177523 0.751142
0.176579 0.753425
0.177437 0.755708
0.176406 0.757991
0.177047 0.760274
0.176090 0.762557
0.176360 0.764840
0.175204 0.767123
0.174978 0.769406
0.173666 0.771689
0.173146 0.773973
0.171731 0.776256
0.171176 0.778539
0.169760 0.780822
0.169256 0.783105
0.167960 0.785388
0.167425 0.787671
0.166102 0.789954
0.165162 0.792237
0.163565 0.794521
0.161819 0.796804
0.159885 0.799087
0.157205 0.801370
0.154927 0.803653
0.151629 0.805936
0.149256 0.808219
0.145904 0.810502
0.143829 0.812785
0.140990 0.815068
0.139394 0.817352
0.137794 0.819635
0.137116 0.821918
0.137436 0.824201
0.137879 0.826484
0.139431 0.828767
0.139988 0.831050
0.140785 0.833333
0.140101 0.835616
0.138736 0.837900
0.136828 0.840183
0.134135 0.842466
0.132087 0.844749
0.129925 0.847032
0.128738 0.849315
0.128198 0.851598
0.128211 0.853881
0.129299 0.856164
0.130204 0.858447
0.132533 0.860731
0.133931 0.863014
0.136916 0.865297
0.138727 0.867580
0.142092 0.869863
0.144215 0.872146
0.147544 0.874429
0.149290 0.876712
0.151882 0.878995
0.153228 0.881279
0.154865 0.883562
0.155847 0.885845
0.158010 0.888128
0.159407 0.890411
0.161338 0.892694
0.163187 0.894977
0.166203 0.897260
0.168330 0.899543
0.171071 0.901826
0.173189 0.904110
0.175985 0.906393
0.177970 0.908676
0.179765 0.910959
0.181278 0.913242
0.182643 0.915525
0.183457 0.917808
0.184454 0.920091
0.185681 0.922374
0.186827 0.924658
0.187770 0.926941
0.189188 0.929224
0.190664 0.931507
0.192550 0.933790
0.194292 0.936073
0.196731 0.938356
0.198991 0.940639
0.201713 0.942922
0.203963 0.945205
0.206553 0.947489
0.208306 0.949772
0.209680 0.952055
0.210390 0.954338
0.210568 0.956621
0.210054 0.958904
0.208685 0.961187
0.206959 0.963470
0.204462 0.965753
0.201776 0.968037
0.198742 0.970320
0.196068 0.972603
0.193890 0.974886
0.191994 0.977169
0.190874 0.979452
0.189566 0.981735
0.189471 0.984018
0.192724 0.986301
0.217373 0.988584
0.307272 0.990868
0.528797 0.993151
0.838118 0.995434
