title="d2z6      Re=86000     iterations=455001 "
 zone t="d2z6"variables=u/U,Y
-0.000022 0.000000
-0.048355 0.002283
-0.141446 0.004566
-0.233967 0.006849
-0.302083 0.009132
-0.344681 0.011416
-0.354796 0.013699
-0.347169 0.015982
-0.342313 0.018265
-0.341892 0.020548
-0.341709 0.022831
-0.336019 0.025114
-0.332558 0.027397
-0.329440 0.029680
-0.327785 0.031963
-0.322788 0.034247
-0.320177 0.036530
-0.315989 0.038813
-0.312908 0.041096
-0.307769 0.043379
-0.304384 0.045662
-0.299670 0.047945
-0.295741 0.050228
-0.291402 0.052511
-0.287624 0.054795
-0.283720 0.057078
-0.280046 0.059361
-0.276896 0.061644
-0.273510 0.063927
-0.270912 0.066210
-0.267991 0.068493
-0.266126 0.070776
-0.263740 0.073059
-0.262105 0.075342
-0.260327 0.077626
-0.258930 0.079909
-0.257823 0.082192
-0.256665 0.084475
-0.256043 0.086758
-0.255031 0.089041
-0.254822 0.091324
-0.254420 0.093607
-0.254555 0.095890
-0.253796 0.098174
-0.254161 0.100457
-0.253664 0.102740
-0.253486 0.105023
-0.253862 0.107306
-0.253480 0.109589
-0.253273 0.111872
-0.252700 0.114155
-0.252194 0.116438
-0.251531 0.118721
-0.251349 0.121005
-0.250369 0.123288
-0.250377 0.125571
-0.249965 0.127854
-0.250153 0.130137
-0.248951 0.132420
-0.248918 0.134703
-0.247589 0.136986
-0.246880 0.139269
-0.245235 0.141553
-0.244370 0.143836
-0.242973 0.146119
-0.242428 0.148402
-0.240405 0.150685
-0.239557 0.152968
-0.238265 0.155251
-0.237245 0.157534
-0.235020 0.159817
-0.234113 0.162100
-0.232730 0.164384
-0.231797 0.166667
-0.229697 0.168950
-0.228320 0.171233
-0.227234 0.173516
-0.225752 0.175799
-0.223914 0.178082
-0.222847 0.180365
-0.221317 0.182648
-0.220192 0.184932
-0.218547 0.187215
-0.217186 0.189498
-0.215639 0.191781
-0.214190 0.194064
-0.212546 0.196347
-0.211042 0.198630
-0.209359 0.200913
-0.207932 0.203196
-0.205990 0.205479
-0.204620 0.207763
-0.202722 0.210046
-0.201282 0.212329
-0.199444 0.214612
-0.198092 0.216895
-0.195909 0.219178
-0.194389 0.221461
-0.192952 0.223744
-0.191557 0.226027
-0.189467 0.228311
-0.187958 0.230594
-0.186433 0.232877
-0.185336 0.235160
-0.183300 0.237443
-0.182005 0.239726
-0.180519 0.242009
-0.179577 0.244292
-0.177514 0.246575
-0.176057 0.248858
-0.174901 0.251142
-0.173602 0.253425
-0.171861 0.255708
-0.170632 0.257991
-0.168880 0.260274
-0.167535 0.262557
-0.166520 0.264840
-0.165321 0.267123
-0.162762 0.269406
-0.161586 0.271689
-0.161172 0.273973
-0.159339 0.276256
-0.156490 0.278539
-0.156125 0.280822
-0.155625 0.283105
-0.153034 0.285388
-0.150434 0.287671
-0.150625 0.289954
-0.149737 0.292237
-0.147130 0.294521
-0.145145 0.296804
-0.144911 0.299087
-0.143808 0.301370
-0.141681 0.303653
-0.140113 0.305936
-0.139367 0.308219
-0.138134 0.310502
-0.136890 0.312785
-0.135825 0.315068
-0.133217 0.317352
-0.131590 0.319635
-0.132984 0.321918
-0.132092 0.324201
-0.126233 0.326484
-0.124512 0.328767
-0.128375 0.331050
-0.126954 0.333333
-0.119048 0.335616
-0.117439 0.337900
-0.121562 0.340183
-0.119329 0.342466
-0.111550 0.344749
-0.109834 0.347032
-0.112580 0.349315
-0.109809 0.351598
-0.102883 0.353881
-0.100778 0.356164
-0.102407 0.358447
-0.099408 0.360731
-0.092536 0.363014
-0.090054 0.365297
-0.091532 0.367580
-0.087929 0.369863
-0.080837 0.372146
-0.078383 0.374429
-0.079273 0.376712
-0.075044 0.378995
-0.068784 0.381279
-0.066591 0.383562
-0.065574 0.385845
-0.060624 0.388128
-0.056055 0.390411
-0.053461 0.392694
-0.050385 0.394977
-0.045010 0.397260
-0.042094 0.399543
-0.039186 0.401826
-0.035641 0.404110
-0.031045 0.406393
-0.028163 0.408676
-0.025904 0.410959
-0.021908 0.413242
-0.017490 0.415525
-0.017023 0.417808
-0.014777 0.420091
-0.009880 0.422374
-0.006567 0.424658
-0.005950 0.426941
-0.003851 0.429224
-0.000550 0.431507
0.002821 0.433790
0.003831 0.436073
0.005065 0.438356
0.008332 0.440639
0.011758 0.442922
0.012055 0.445205
0.013215 0.447489
0.016377 0.449772
0.019412 0.452055
0.019983 0.454338
0.021383 0.456621
0.024106 0.458904
0.027030 0.461187
0.028222 0.463470
0.029964 0.465753
0.032450 0.468037
0.035379 0.470320
0.037161 0.472603
0.038984 0.474886
0.041503 0.477169
0.044385 0.479452
0.046466 0.481735
0.048271 0.484018
0.051024 0.486301
0.053727 0.488584
0.056000 0.490868
0.057610 0.493151
0.060635 0.495434
0.063141 0.497717
0.065388 0.500000
0.066820 0.502283
0.070204 0.504566
0.072533 0.506849
0.074784 0.509132
0.076657 0.511416
0.080321 0.513699
0.082263 0.515982
0.084735 0.518265
0.086314 0.520548
0.089582 0.522831
0.091750 0.525114
0.094856 0.527397
0.095006 0.529680
0.097056 0.531963
0.097442 0.534247
0.099661 0.536530
0.098118 0.538813
0.100199 0.541096
0.100140 0.543379
0.102147 0.545662
0.100491 0.547945
0.102006 0.550228
0.100855 0.552511
0.102241 0.554795
0.099716 0.557078
0.099122 0.559361
0.096538 0.561644
0.097473 0.563927
0.094142 0.566210
0.090886 0.568493
0.088550 0.570776
0.090304 0.573059
0.087964 0.575342
0.084113 0.577626
0.083404 0.579909
0.087150 0.582192
0.086234 0.584475
0.082181 0.586758
0.081885 0.589041
0.086449 0.591324
0.084445 0.593607
0.079329 0.595890
0.077719 0.598174
0.079900 0.600457
0.075545 0.602740
0.071028 0.605023
0.068857 0.607306
0.067643 0.609589
0.063458 0.611872
0.061145 0.614155
0.060374 0.616438
0.059277 0.618721
0.057000 0.621005
0.056559 0.623288
0.058174 0.625571
0.058838 0.627854
0.058544 0.630137
0.059903 0.632420
0.063251 0.634703
0.065685 0.636986
0.066424 0.639269
0.069190 0.641553
0.073014 0.643836
0.076800 0.646119
0.078324 0.648402
0.081967 0.650685
0.086026 0.652968
0.091241 0.655251
0.093700 0.657534
0.097695 0.659817
0.102523 0.662100
0.108632 0.664384
0.112265 0.666667
0.116794 0.668950
0.122413 0.671233
0.128326 0.673516
0.132866 0.675799
0.138005 0.678082
0.144099 0.680365
0.148992 0.682648
0.153998 0.684932
0.159526 0.687215
0.166008 0.689498
0.169126 0.691781
0.174457 0.694064
0.179586 0.696347
0.185870 0.698630
0.187131 0.700913
0.192280 0.703196
0.196327 0.705479
0.201823 0.707763
0.201702 0.710046
0.206166 0.712329
0.208374 0.714612
0.212751 0.716895
0.212584 0.719178
0.216105 0.721461
0.216162 0.723744
0.219588 0.726027
0.219256 0.728311
0.221838 0.730594
0.221028 0.732877
0.223575 0.735160
0.222406 0.737443
0.224291 0.739726
0.223036 0.742009
0.224816 0.744292
0.223575 0.746575
0.224651 0.748858
0.223671 0.751142
0.224684 0.753425
0.224225 0.755708
0.224843 0.757991
0.224848 0.760274
0.225366 0.762557
0.225550 0.764840
0.225994 0.767123
0.226130 0.769406
0.226477 0.771689
0.226354 0.773973
0.226465 0.776256
0.226258 0.778539
0.226326 0.780822
0.226293 0.783105
0.226278 0.785388
0.226511 0.787671
0.226412 0.789954
0.226868 0.792237
0.226711 0.794521
0.227372 0.796804
0.226956 0.799087
0.227746 0.801370
0.227439 0.803653
0.228336 0.805936
0.228134 0.808219
0.229059 0.810502
0.228546 0.812785
0.230037 0.815068
0.229594 0.817352
0.230210 0.819635
0.229558 0.821918
0.233032 0.824201
0.235032 0.826484
0.242210 0.828767
0.244454 0.831050
0.249739 0.833333
0.249824 0.835616
0.252456 0.837900
0.251301 0.840183
0.251886 0.842466
0.249233 0.844749
0.248395 0.847032
0.245190 0.849315
0.243912 0.851598
0.240261 0.853881
0.237735 0.856164
0.233095 0.858447
0.229098 0.860731
0.223518 0.863014
0.218130 0.865297
0.212720 0.867580
0.208053 0.869863
0.202843 0.872146
0.199050 0.874429
0.194769 0.876712
0.191773 0.878995
0.187507 0.881279
0.184689 0.883562
0.180659 0.885845
0.178401 0.888128
0.174228 0.890411
0.172280 0.892694
0.168052 0.894977
0.166564 0.897260
0.162082 0.899543
0.160593 0.901826
0.155668 0.904110
0.152127 0.906393
0.145906 0.908676
0.137638 0.910959
0.130554 0.913242
0.120467 0.915525
0.113287 0.917808
0.102645 0.920091
0.095071 0.922374
0.083688 0.924658
0.075754 0.926941
0.064084 0.929224
0.056801 0.931507
0.045062 0.933790
0.042004 0.936073
0.036263 0.938356
0.044093 0.940639
0.049971 0.942922
0.069496 0.945205
0.085402 0.947489
0.109515 0.949772
0.128677 0.952055
0.152847 0.954338
0.171538 0.956621
0.188821 0.958904
0.201326 0.961187
0.205981 0.963470
0.207849 0.965753
0.202368 0.968037
0.199578 0.970320
0.194883 0.972603
0.192917 0.974886
0.189667 0.977169
0.188187 0.979452
0.186035 0.981735
0.187155 0.984018
0.193778 0.986301
0.225438 0.988584
0.324243 0.990868
0.547309 0.993151
0.846281 0.995434
