title="d2z6      Re=86000     iterations=90001 "
 zone t="d2z6"variables=u/U,Y
-0.000004 0.000000
-0.008780 0.002283
-0.025345 0.004566
-0.038661 0.006849
-0.049597 0.009132
-0.057629 0.011416
-0.064509 0.013699
-0.068976 0.015982
-0.072648 0.018265
-0.073844 0.020548
-0.075528 0.022831
-0.075250 0.025114
-0.076410 0.027397
-0.075278 0.029680
-0.075919 0.031963
-0.073630 0.034247
-0.073952 0.036530
-0.071191 0.038813
-0.071828 0.041096
-0.069746 0.043379
-0.070936 0.045662
-0.070255 0.047945
-0.071783 0.050228
-0.072272 0.052511
-0.073791 0.054795
-0.074843 0.057078
-0.076139 0.059361
-0.077421 0.061644
-0.078478 0.063927
-0.079801 0.066210
-0.080721 0.068493
-0.082003 0.070776
-0.082785 0.073059
-0.084078 0.075342
-0.084686 0.077626
-0.085967 0.079909
-0.086408 0.082192
-0.087624 0.084475
-0.087818 0.086758
-0.089015 0.089041
-0.088824 0.091324
-0.089972 0.093607
-0.089339 0.095890
-0.090347 0.098174
-0.089147 0.100457
-0.090065 0.102740
-0.088175 0.105023
-0.088988 0.107306
-0.086442 0.109589
-0.087101 0.111872
-0.083939 0.114155
-0.084529 0.116438
-0.080777 0.118721
-0.081343 0.121005
-0.077130 0.123288
-0.077637 0.125571
-0.073042 0.127854
-0.073553 0.130137
-0.068579 0.132420
-0.069119 0.134703
-0.063865 0.136986
-0.064334 0.139269
-0.058888 0.141553
-0.059290 0.143836
-0.053693 0.146119
-0.053980 0.148402
-0.048391 0.150685
-0.048455 0.152968
-0.043013 0.155251
-0.042872 0.157534
-0.037690 0.159817
-0.037296 0.162100
-0.032560 0.164384
-0.031864 0.166667
-0.027669 0.168950
-0.026818 0.171233
-0.023266 0.173516
-0.022128 0.175799
-0.019221 0.178082
-0.018138 0.180365
-0.015923 0.182648
-0.014597 0.184932
-0.013003 0.187215
-0.011945 0.189498
-0.010905 0.191781
-0.009746 0.194064
-0.009250 0.196347
-0.008370 0.198630
-0.008306 0.200913
-0.007484 0.203196
-0.007820 0.205479
-0.007254 0.207763
-0.007942 0.210046
-0.007430 0.212329
-0.008429 0.214612
-0.008167 0.216895
-0.009410 0.219178
-0.009185 0.221461
-0.010668 0.223744
-0.010611 0.226027
-0.012278 0.228311
-0.012252 0.230594
-0.014059 0.232877
-0.014168 0.235160
-0.016107 0.237443
-0.016152 0.239726
-0.018182 0.242009
-0.018394 0.244292
-0.020491 0.246575
-0.020566 0.248858
-0.022672 0.251142
-0.023033 0.253425
-0.025206 0.255708
-0.025324 0.257991
-0.027475 0.260274
-0.028127 0.262557
-0.030367 0.264840
-0.030635 0.267123
-0.032898 0.269406
-0.034074 0.271689
-0.036473 0.273973
-0.037092 0.276256
-0.039626 0.278539
-0.041161 0.280822
-0.043802 0.283105
-0.045021 0.285388
-0.047800 0.287671
-0.048944 0.289954
-0.051565 0.292237
-0.051255 0.294521
-0.053320 0.296804
-0.053662 0.299087
-0.055887 0.301370
-0.054932 0.303653
-0.057198 0.305936
-0.058851 0.308219
-0.061581 0.310502
-0.061552 0.312785
-0.064468 0.315068
-0.067701 0.317352
-0.070383 0.319635
-0.069966 0.321918
-0.072425 0.324201
-0.074377 0.326484
-0.076656 0.328767
-0.076715 0.331050
-0.079096 0.333333
-0.080646 0.335616
-0.082830 0.337900
-0.083300 0.340183
-0.085454 0.342466
-0.086583 0.344749
-0.088659 0.347032
-0.089452 0.349315
-0.091557 0.351598
-0.092691 0.353881
-0.094762 0.356164
-0.095684 0.358447
-0.097703 0.360731
-0.098857 0.363014
-0.100792 0.365297
-0.101845 0.367580
-0.103736 0.369863
-0.104900 0.372146
-0.106719 0.374429
-0.107881 0.376712
-0.109642 0.378995
-0.110861 0.381279
-0.112589 0.383562
-0.113739 0.385845
-0.115403 0.388128
-0.116660 0.390411
-0.118249 0.392694
-0.119504 0.394977
-0.121074 0.397260
-0.122345 0.399543
-0.123881 0.401826
-0.125220 0.404110
-0.126719 0.406393
-0.128111 0.408676
-0.129625 0.410959
-0.130955 0.413242
-0.132453 0.415525
-0.133962 0.417808
-0.135497 0.420091
-0.136798 0.422374
-0.138381 0.424658
-0.139927 0.426941
-0.141538 0.429224
-0.142906 0.431507
-0.144569 0.433790
-0.146071 0.436073
-0.147771 0.438356
-0.149126 0.440639
-0.150864 0.442922
-0.152274 0.445205
-0.154007 0.447489
-0.155340 0.449772
-0.157123 0.452055
-0.158453 0.454338
-0.160339 0.456621
-0.161557 0.458904
-0.163502 0.461187
-0.164938 0.463470
-0.167080 0.465753
-0.168367 0.468037
-0.170820 0.470320
-0.172419 0.472603
-0.175214 0.474886
-0.177015 0.477169
-0.180291 0.479452
-0.182362 0.481735
-0.186095 0.484018
-0.188241 0.486301
-0.192219 0.488584
-0.194179 0.490868
-0.196516 0.493151
-0.195099 0.495434
-0.193898 0.497717
-0.191199 0.500000
-0.190765 0.502283
-0.188942 0.504566
-0.187593 0.506849
-0.183784 0.509132
-0.179632 0.511416
-0.174329 0.513699
-0.169726 0.515982
-0.165445 0.518265
-0.161956 0.520548
-0.158578 0.522831
-0.157316 0.525114
-0.155917 0.527397
-0.156424 0.529680
-0.155498 0.531963
-0.157171 0.534247
-0.156676 0.536530
-0.159389 0.538813
-0.158777 0.541096
-0.162830 0.543379
-0.162917 0.545662
-0.168527 0.547945
-0.168314 0.550228
-0.174904 0.552511
-0.174310 0.554795
-0.181048 0.557078
-0.178441 0.559361
-0.182162 0.561644
-0.175503 0.563927
-0.175478 0.566210
-0.166439 0.568493
-0.165981 0.570776
-0.155829 0.573059
-0.151984 0.575342
-0.139116 0.577626
-0.132781 0.579909
-0.119978 0.582192
-0.112559 0.584475
-0.097992 0.586758
-0.089945 0.589041
-0.075445 0.591324
-0.066228 0.593607
-0.049094 0.595890
-0.037429 0.598174
-0.021028 0.600457
-0.006728 0.602740
0.011066 0.605023
0.027070 0.607306
0.041968 0.609589
0.058463 0.611872
0.073669 0.614155
0.089985 0.616438
0.101382 0.618721
0.116906 0.621005
0.128329 0.623288
0.142952 0.625571
0.150007 0.627854
0.163348 0.630137
0.170301 0.632420
0.182019 0.634703
0.185345 0.636986
0.195615 0.639269
0.199664 0.641553
0.208456 0.643836
0.208310 0.646119
0.215557 0.648402
0.214061 0.650685
0.219570 0.652968
0.215482 0.655251
0.219640 0.657534
0.214812 0.659817
0.217520 0.662100
0.211169 0.664384
0.212764 0.666667
0.206424 0.668950
0.207318 0.671233
0.201611 0.673516
0.202247 0.675799
0.198202 0.678082
0.198987 0.680365
0.196719 0.682648
0.197948 0.684932
0.197843 0.687215
0.199427 0.689498
0.200019 0.691781
0.201482 0.694064
0.201297 0.696347
0.202072 0.698630
0.199700 0.700913
0.199616 0.703196
0.195872 0.705479
0.195236 0.707763
0.191481 0.710046
0.190774 0.712329
0.187763 0.714612
0.187134 0.716895
0.184949 0.719178
0.184394 0.721461
0.182926 0.723744
0.182474 0.726027
0.181022 0.728311
0.180607 0.730594
0.179302 0.732877
0.178674 0.735160
0.177544 0.737443
0.177255 0.739726
0.177716 0.742009
0.177909 0.744292
0.178316 0.746575
0.177707 0.748858
0.175677 0.751142
0.173905 0.753425
0.169996 0.755708
0.168157 0.757991
0.165618 0.760274
0.164260 0.762557
0.162501 0.764840
0.161134 0.767123
0.158897 0.769406
0.157059 0.771689
0.153969 0.773973
0.151865 0.776256
0.149363 0.778539
0.147449 0.780822
0.144802 0.783105
0.142988 0.785388
0.140768 0.787671
0.138899 0.789954
0.136845 0.792237
0.135165 0.794521
0.133260 0.796804
0.131622 0.799087
0.129655 0.801370
0.127953 0.803653
0.126494 0.805936
0.124967 0.808219
0.123293 0.810502
0.121817 0.812785
0.120343 0.815068
0.118795 0.817352
0.117572 0.819635
0.116224 0.821918
0.114919 0.824201
0.113607 0.826484
0.112371 0.828767
0.111002 0.831050
0.110067 0.833333
0.108887 0.835616
0.107813 0.837900
0.106663 0.840183
0.105663 0.842466
0.104456 0.844749
0.103734 0.847032
0.102704 0.849315
0.101839 0.851598
0.100823 0.853881
0.100026 0.856164
0.098956 0.858447
0.098417 0.860731
0.097517 0.863014
0.096828 0.865297
0.095929 0.867580
0.095302 0.869863
0.094359 0.872146
0.093968 0.874429
0.093186 0.876712
0.092640 0.878995
0.091850 0.881279
0.091362 0.883562
0.090538 0.885845
0.090263 0.888128
0.089592 0.890411
0.089163 0.892694
0.088474 0.894977
0.088100 0.897260
0.087388 0.899543
0.087206 0.901826
0.086636 0.904110
0.086304 0.906393
0.085708 0.908676
0.085433 0.910959
0.084820 0.913242
0.084717 0.915525
0.084239 0.917808
0.083994 0.920091
0.083476 0.922374
0.083290 0.924658
0.082771 0.926941
0.082736 0.929224
0.082335 0.931507
0.082169 0.933790
0.081725 0.936073
0.081619 0.938356
0.081181 0.940639
0.081207 0.942922
0.080878 0.945205
0.080786 0.947489
0.080407 0.949772
0.080375 0.952055
0.080012 0.954338
0.080092 0.956621
0.079827 0.958904
0.079804 0.961187
0.079484 0.963470
0.079519 0.965753
0.079223 0.968037
0.079351 0.970320
0.079142 0.972603
0.079195 0.974886
0.079003 0.977169
0.079465 0.979452
0.080670 0.981735
0.086087 0.984018
0.102441 0.986301
0.150767 0.988584
0.269890 0.990868
0.509755 0.993151
0.831126 0.995434
