title="d2z6      Re=86000     iterations=80001 "
 zone t="d2z6"variables=u/U,Y
-0.000006 0.000000
-0.001806 0.002283
-0.001135 0.004566
0.002857 0.006849
0.011538 0.009132
0.016763 0.011416
0.022699 0.013699
0.023750 0.015982
0.025811 0.018265
0.024339 0.020548
0.025066 0.022831
0.023025 0.025114
0.023682 0.027397
0.021550 0.029680
0.022336 0.031963
0.020027 0.034247
0.020854 0.036530
0.018196 0.038813
0.018999 0.041096
0.015786 0.043379
0.016643 0.045662
0.012868 0.047945
0.014205 0.050228
0.010529 0.052511
0.013437 0.054795
0.011461 0.057078
0.017008 0.059361
0.017940 0.061644
0.025899 0.063927
0.029030 0.066210
0.038470 0.068493
0.042399 0.070776
0.052907 0.073059
0.057054 0.075342
0.068371 0.077626
0.072515 0.079909
0.083959 0.082192
0.087674 0.084475
0.098209 0.086758
0.100947 0.089041
0.109821 0.091324
0.111171 0.093607
0.118270 0.095890
0.118057 0.098174
0.124448 0.100457
0.122852 0.102740
0.127937 0.105023
0.123993 0.107306
0.124157 0.109589
0.117301 0.111872
0.111679 0.114155
0.102371 0.116438
0.092494 0.118721
0.081434 0.121005
0.068928 0.123288
0.056746 0.125571
0.042674 0.127854
0.030106 0.130137
0.015260 0.132420
0.002899 0.134703
-0.011938 0.136986
-0.023808 0.139269
-0.038636 0.141553
-0.049963 0.143836
-0.063898 0.146119
-0.069738 0.148402
-0.080390 0.150685
-0.079507 0.152968
-0.086768 0.155251
-0.083779 0.157534
-0.089878 0.159817
-0.089871 0.162100
-0.096541 0.164384
-0.099120 0.166667
-0.106299 0.168950
-0.111012 0.171233
-0.117923 0.173516
-0.119691 0.175799
-0.123637 0.178082
-0.121660 0.180365
-0.123624 0.182648
-0.120527 0.184932
-0.122186 0.187215
-0.120504 0.189498
-0.122266 0.191781
-0.121495 0.194064
-0.123192 0.196347
-0.123196 0.198630
-0.125336 0.200913
-0.127313 0.203196
-0.130122 0.205479
-0.133174 0.207763
-0.135161 0.210046
-0.137328 0.212329
-0.137535 0.214612
-0.138212 0.216895
-0.136651 0.219178
-0.136237 0.221461
-0.133602 0.223744
-0.132764 0.226027
-0.129882 0.228311
-0.129504 0.230594
-0.127188 0.232877
-0.128326 0.235160
-0.127587 0.237443
-0.130281 0.239726
-0.131212 0.242009
-0.135943 0.244292
-0.137467 0.246575
-0.142199 0.248858
-0.143181 0.251142
-0.148201 0.253425
-0.148185 0.255708
-0.152358 0.257991
-0.151518 0.260274
-0.155994 0.262557
-0.155125 0.264840
-0.159064 0.267123
-0.158702 0.269406
-0.164193 0.271689
-0.165019 0.273973
-0.170039 0.276256
-0.172109 0.278539
-0.179335 0.280822
-0.182635 0.283105
-0.189839 0.285388
-0.194148 0.287671
-0.202562 0.289954
-0.207667 0.292237
-0.216277 0.294521
-0.221808 0.296804
-0.230694 0.299087
-0.236759 0.301370
-0.247806 0.303653
-0.254474 0.305936
-0.270349 0.308219
-0.278489 0.310502
-0.299620 0.312785
-0.307555 0.315068
-0.325962 0.317352
-0.332429 0.319635
-0.344634 0.321918
-0.349163 0.324201
-0.356713 0.326484
-0.360024 0.328767
-0.365036 0.331050
-0.367507 0.333333
-0.373369 0.335616
-0.374989 0.337900
-0.377913 0.340183
-0.377881 0.342466
-0.378754 0.344749
-0.376752 0.347032
-0.371936 0.349315
-0.368149 0.351598
-0.363230 0.353881
-0.357852 0.356164
-0.348047 0.358447
-0.340537 0.360731
-0.331153 0.363014
-0.321948 0.365297
-0.306002 0.367580
-0.295239 0.369863
-0.280990 0.372146
-0.268695 0.374429
-0.249781 0.376712
-0.236917 0.378995
-0.219214 0.381279
-0.205660 0.383562
-0.186604 0.385845
-0.173334 0.388128
-0.155403 0.390411
-0.142643 0.392694
-0.125607 0.394977
-0.113913 0.397260
-0.098558 0.399543
-0.087909 0.401826
-0.074211 0.404110
-0.064437 0.406393
-0.052329 0.408676
-0.043155 0.410959
-0.032392 0.413242
-0.023838 0.415525
-0.014613 0.417808
-0.007113 0.420091
0.000403 0.422374
0.006394 0.424658
0.012271 0.426941
0.017124 0.429224
0.021906 0.431507
0.026160 0.433790
0.030426 0.436073
0.034224 0.438356
0.038068 0.440639
0.041182 0.442922
0.044623 0.445205
0.047067 0.447489
0.049965 0.449772
0.051678 0.452055
0.054835 0.454338
0.058244 0.456621
0.063539 0.458904
0.069602 0.461187
0.076051 0.463470
0.081406 0.465753
0.086623 0.468037
0.088818 0.470320
0.091982 0.472603
0.091388 0.474886
0.093471 0.477169
0.091588 0.479452
0.093479 0.481735
0.090994 0.484018
0.092415 0.486301
0.089637 0.488584
0.091096 0.490868
0.088861 0.493151
0.093004 0.495434
0.093861 0.497717
0.100195 0.500000
0.102927 0.502283
0.109954 0.504566
0.112190 0.506849
0.118508 0.509132
0.119979 0.511416
0.126093 0.513699
0.126716 0.515982
0.131834 0.518265
0.131533 0.520548
0.136212 0.522831
0.135184 0.525114
0.138831 0.527397
0.138005 0.529680
0.142232 0.531963
0.142973 0.534247
0.147501 0.536530
0.148135 0.538813
0.151641 0.541096
0.150932 0.543379
0.152522 0.545662
0.149292 0.547945
0.148975 0.550228
0.145048 0.552511
0.144748 0.554795
0.141638 0.557078
0.141452 0.559361
0.138443 0.561644
0.138226 0.563927
0.135287 0.566210
0.134887 0.568493
0.132151 0.570776
0.131586 0.573059
0.128828 0.575342
0.128369 0.577626
0.125703 0.579909
0.125175 0.582192
0.122956 0.584475
0.122816 0.586758
0.120768 0.589041
0.120880 0.591324
0.118887 0.593607
0.118726 0.595890
0.116840 0.598174
0.116483 0.600457
0.114407 0.602740
0.113969 0.605023
0.111778 0.607306
0.111026 0.609589
0.108959 0.611872
0.108048 0.614155
0.105821 0.616438
0.104930 0.618721
0.102623 0.621005
0.101425 0.623288
0.099271 0.625571
0.097888 0.627854
0.095597 0.630137
0.094193 0.632420
0.091891 0.634703
0.090151 0.636986
0.088097 0.639269
0.086199 0.641553
0.084099 0.643836
0.082235 0.646119
0.080260 0.648402
0.078137 0.650685
0.076521 0.652968
0.074342 0.655251
0.072800 0.657534
0.070720 0.659817
0.069403 0.662100
0.067152 0.664384
0.066273 0.666667
0.064066 0.668950
0.063262 0.671233
0.061267 0.673516
0.060694 0.675799
0.058660 0.678082
0.058449 0.680365
0.056529 0.682648
0.056349 0.684932
0.054733 0.687215
0.054684 0.689498
0.053054 0.691781
0.053282 0.694064
0.051792 0.696347
0.051948 0.698630
0.050756 0.700913
0.050996 0.703196
0.049791 0.705479
0.050289 0.707763
0.049230 0.710046
0.049742 0.712329
0.049005 0.714612
0.049737 0.716895
0.049052 0.719178
0.050233 0.721461
0.049772 0.723744
0.051110 0.726027
0.051030 0.728311
0.052601 0.730594
0.052556 0.732877
0.054306 0.735160
0.054338 0.737443
0.055733 0.739726
0.055878 0.742009
0.056910 0.744292
0.056807 0.746575
0.057565 0.748858
0.057356 0.751142
0.057637 0.753425
0.057505 0.755708
0.057604 0.757991
0.057315 0.760274
0.057432 0.762557
0.057172 0.764840
0.057086 0.767123
0.056993 0.769406
0.056903 0.771689
0.056704 0.773973
0.056694 0.776256
0.056544 0.778539
0.056363 0.780822
0.056364 0.783105
0.056196 0.785388
0.056087 0.787671
0.055991 0.789954
0.055926 0.792237
0.055673 0.794521
0.055738 0.796804
0.055510 0.799087
0.055463 0.801370
0.055303 0.803653
0.055296 0.805936
0.054995 0.808219
0.055097 0.810502
0.054829 0.812785
0.054821 0.815068
0.054622 0.817352
0.054649 0.819635
0.054323 0.821918
0.054443 0.824201
0.054156 0.826484
0.054169 0.828767
0.053952 0.831050
0.053996 0.833333
0.053662 0.835616
0.053787 0.837900
0.053494 0.840183
0.053520 0.842466
0.053298 0.844749
0.053354 0.847032
0.053019 0.849315
0.053148 0.851598
0.052855 0.853881
0.052891 0.856164
0.052671 0.858447
0.052736 0.860731
0.052403 0.863014
0.052539 0.865297
0.052250 0.867580
0.052296 0.869863
0.052081 0.872146
0.052155 0.874429
0.051828 0.876712
0.051970 0.878995
0.051691 0.881279
0.051744 0.883562
0.051539 0.885845
0.051620 0.888128
0.051303 0.890411
0.051450 0.892694
0.051187 0.894977
0.051242 0.897260
0.051053 0.899543
0.051134 0.901826
0.050836 0.904110
0.050982 0.906393
0.050744 0.908676
0.050792 0.910959
0.050626 0.913242
0.050701 0.915525
0.050430 0.917808
0.050569 0.920091
0.050359 0.922374
0.050395 0.924658
0.050261 0.926941
0.050326 0.929224
0.050082 0.931507
0.050212 0.933790
0.050039 0.936073
0.050062 0.938356
0.049952 0.940639
0.050009 0.942922
0.049799 0.945205
0.049920 0.947489
0.049776 0.949772
0.049788 0.952055
0.049711 0.954338
0.049760 0.956621
0.049580 0.958904
0.049696 0.961187
0.049586 0.963470
0.049589 0.965753
0.049545 0.968037
0.049596 0.970320
0.049464 0.972603
0.049647 0.974886
0.049801 0.977169
0.050646 0.979452
0.053262 0.981735
0.061348 0.984018
0.083221 0.986301
0.140734 0.988584
0.271647 0.990868
0.519767 0.993151
0.837356 0.995434
