title="d2z6      Re=86000     iterations=55001 "
 zone t="d2z6"variables=u/U,Y
-0.000018 0.000000
-0.002924 0.002283
-0.008409 0.004566
-0.012961 0.006849
-0.016659 0.009132
-0.019786 0.011416
-0.022515 0.013699
-0.024985 0.015982
-0.027062 0.018265
-0.028975 0.020548
-0.030449 0.022831
-0.031834 0.025114
-0.032808 0.027397
-0.033779 0.029680
-0.034364 0.031963
-0.035050 0.034247
-0.035367 0.036530
-0.035836 0.038813
-0.035972 0.041096
-0.036289 0.043379
-0.036295 0.045662
-0.036525 0.047945
-0.036448 0.050228
-0.036604 0.052511
-0.036481 0.054795
-0.036583 0.057078
-0.036424 0.059361
-0.036503 0.061644
-0.036323 0.063927
-0.036372 0.066210
-0.036188 0.068493
-0.036211 0.070776
-0.036020 0.073059
-0.036038 0.075342
-0.035843 0.077626
-0.035845 0.079909
-0.035657 0.082192
-0.035642 0.084475
-0.035458 0.086758
-0.035444 0.089041
-0.035262 0.091324
-0.035236 0.093607
-0.035066 0.095890
-0.035030 0.098174
-0.034868 0.100457
-0.034835 0.102740
-0.034677 0.105023
-0.034639 0.107306
-0.034496 0.109589
-0.034453 0.111872
-0.034319 0.114155
-0.034284 0.116438
-0.034156 0.118721
-0.034119 0.121005
-0.034007 0.123288
-0.033970 0.125571
-0.033868 0.127854
-0.033845 0.130137
-0.033748 0.132420
-0.033725 0.134703
-0.033646 0.136986
-0.033629 0.139269
-0.033558 0.141553
-0.033556 0.143836
-0.033489 0.146119
-0.033492 0.148402
-0.033443 0.150685
-0.033456 0.152968
-0.033413 0.155251
-0.033443 0.157534
-0.033402 0.159817
-0.033439 0.162100
-0.033414 0.164384
-0.033468 0.166667
-0.033444 0.168950
-0.033514 0.171233
-0.033488 0.173516
-0.033570 0.175799
-0.033557 0.178082
-0.033657 0.180365
-0.033643 0.182648
-0.033757 0.184932
-0.033735 0.187215
-0.033861 0.189498
-0.033852 0.191781
-0.033997 0.194064
-0.033980 0.196347
-0.034138 0.198630
-0.034107 0.200913
-0.034275 0.203196
-0.034253 0.205479
-0.034443 0.207763
-0.034406 0.210046
-0.034602 0.212329
-0.034545 0.214612
-0.034750 0.216895
-0.034697 0.219178
-0.034922 0.221461
-0.034846 0.223744
-0.035074 0.226027
-0.034968 0.228311
-0.035201 0.230594
-0.035093 0.232877
-0.035343 0.235160
-0.035203 0.237443
-0.035449 0.239726
-0.035272 0.242009
-0.035514 0.244292
-0.035328 0.246575
-0.035586 0.248858
-0.035357 0.251142
-0.035600 0.253425
-0.035326 0.255708
-0.035562 0.257991
-0.035271 0.260274
-0.035512 0.262557
-0.035167 0.264840
-0.035391 0.267123
-0.034995 0.269406
-0.035193 0.271689
-0.034772 0.273973
-0.034983 0.276256
-0.034503 0.278539
-0.034662 0.280822
-0.034130 0.283105
-0.034265 0.285388
-0.033701 0.287671
-0.033843 0.289954
-0.033226 0.292237
-0.033256 0.294521
-0.032565 0.296804
-0.032673 0.299087
-0.031973 0.301370
-0.031886 0.303653
-0.031104 0.305936
-0.031169 0.308219
-0.030327 0.310502
-0.030113 0.312785
-0.029249 0.315068
-0.029232 0.317352
-0.028292 0.319635
-0.027967 0.321918
-0.026963 0.324201
-0.026802 0.326484
-0.025771 0.328767
-0.025356 0.331050
-0.024247 0.333333
-0.023924 0.335616
-0.022741 0.337900
-0.022176 0.340183
-0.020969 0.342466
-0.020485 0.344749
-0.019181 0.347032
-0.018460 0.349315
-0.017076 0.351598
-0.016369 0.353881
-0.014956 0.356164
-0.014030 0.358447
-0.012506 0.360731
-0.011575 0.363014
-0.009974 0.365297
-0.008765 0.367580
-0.007151 0.369863
-0.005841 0.372146
-0.004079 0.374429
-0.002684 0.376712
-0.000914 0.378995
0.000982 0.381279
0.002830 0.383562
0.004517 0.385845
0.006406 0.388128
0.008845 0.390411
0.010742 0.392694
0.013101 0.394977
0.014983 0.397260
0.017812 0.399543
0.019550 0.401826
0.022360 0.404110
0.023862 0.406393
0.026527 0.408676
0.027657 0.410959
0.030034 0.413242
0.030796 0.415525
0.032835 0.417808
0.033210 0.420091
0.035427 0.422374
0.035555 0.424658
0.037898 0.426941
0.037759 0.429224
0.041148 0.431507
0.040628 0.433790
0.044327 0.436073
0.043139 0.438356
0.047481 0.440639
0.045160 0.442922
0.048828 0.445205
0.044948 0.447489
0.047346 0.449772
0.041695 0.452055
0.041797 0.454338
0.034380 0.456621
0.032252 0.458904
0.023338 0.461187
0.018179 0.463470
0.008381 0.465753
0.001151 0.468037
-0.008858 0.470320
-0.018397 0.472603
-0.027705 0.474886
-0.038065 0.477169
-0.045865 0.479452
-0.056830 0.481735
-0.062466 0.484018
-0.072551 0.486301
-0.075830 0.488584
-0.084762 0.490868
-0.085518 0.493151
-0.092750 0.495434
-0.091309 0.497717
-0.096648 0.500000
-0.093300 0.502283
-0.096809 0.504566
-0.091834 0.506849
-0.093726 0.509132
-0.087930 0.511416
-0.088317 0.513699
-0.082750 0.515982
-0.082166 0.518265
-0.076867 0.520548
-0.075594 0.522831
-0.069759 0.525114
-0.067910 0.527397
-0.061322 0.529680
-0.058799 0.531963
-0.052597 0.534247
-0.049827 0.536530
-0.045698 0.538813
-0.042952 0.541096
-0.041020 0.543379
-0.038433 0.545662
-0.036765 0.547945
-0.034120 0.550228
-0.031603 0.552511
-0.028890 0.554795
-0.025917 0.557078
-0.023080 0.559361
-0.020303 0.561644
-0.017737 0.563927
-0.015361 0.566210
-0.012761 0.568493
-0.010760 0.570776
-0.008353 0.573059
-0.006503 0.575342
-0.004169 0.577626
-0.002579 0.579909
-0.000373 0.582192
0.001058 0.584475
0.003193 0.586758
0.004476 0.589041
0.006460 0.591324
0.007607 0.593607
0.009497 0.595890
0.010463 0.598174
0.012269 0.600457
0.013204 0.602740
0.014869 0.605023
0.015627 0.607306
0.017199 0.609589
0.017897 0.611872
0.019396 0.614155
0.020025 0.616438
0.021390 0.618721
0.021935 0.621005
0.023209 0.623288
0.023676 0.625571
0.024894 0.627854
0.025357 0.630137
0.026444 0.632420
0.026817 0.634703
0.027818 0.636986
0.028168 0.639269
0.029122 0.641553
0.029467 0.643836
0.030295 0.646119
0.030584 0.648402
0.031330 0.650685
0.031606 0.652968
0.032321 0.655251
0.032600 0.657534
0.033204 0.659817
0.033426 0.662100
0.033967 0.664384
0.034171 0.666667
0.034705 0.668950
0.034911 0.671233
0.035361 0.673516
0.035483 0.675799
0.035891 0.678082
0.036008 0.680365
0.036436 0.682648
0.036517 0.684932
0.036885 0.687215
0.036892 0.689498
0.037232 0.691781
0.037216 0.694064
0.037589 0.696347
0.037541 0.698630
0.037858 0.700913
0.037739 0.703196
0.038026 0.705479
0.037892 0.707763
0.038208 0.710046
0.038050 0.712329
0.038308 0.714612
0.038089 0.716895
0.038308 0.719178
0.038086 0.721461
0.038330 0.723744
0.038091 0.726027
0.038276 0.728311
0.037985 0.730594
0.038124 0.732877
0.037842 0.735160
0.038004 0.737443
0.037708 0.739726
0.037813 0.742009
0.037474 0.744292
0.037531 0.746575
0.037207 0.748858
0.037289 0.751142
0.036950 0.753425
0.036981 0.755708
0.036608 0.757991
0.036591 0.760274
0.036239 0.762557
0.036250 0.764840
0.035884 0.767123
0.035850 0.769406
0.035459 0.771689
0.035378 0.773973
0.035013 0.776256
0.034964 0.778539
0.034587 0.780822
0.034499 0.783105
0.034106 0.785388
0.033974 0.787671
0.033611 0.789954
0.033516 0.792237
0.033143 0.794521
0.033016 0.796804
0.032633 0.799087
0.032468 0.801370
0.032120 0.803653
0.031995 0.805936
0.031637 0.808219
0.031487 0.810502
0.031126 0.812785
0.030942 0.815068
0.030619 0.817352
0.030479 0.819635
0.030147 0.821918
0.029987 0.824201
0.029655 0.826484
0.029467 0.828767
0.029176 0.831050
0.029032 0.833333
0.028734 0.835616
0.028574 0.837900
0.028279 0.840183
0.028094 0.842466
0.027842 0.844749
0.027702 0.847032
0.027442 0.849315
0.027288 0.851598
0.027033 0.853881
0.026859 0.856164
0.026647 0.858447
0.026518 0.860731
0.026295 0.863014
0.026154 0.865297
0.025936 0.867580
0.025780 0.869863
0.025601 0.872146
0.025490 0.874429
0.025299 0.876712
0.025178 0.878995
0.024991 0.881279
0.024859 0.883562
0.024706 0.885845
0.024619 0.888128
0.024452 0.890411
0.024355 0.892694
0.024191 0.894977
0.024087 0.897260
0.023952 0.899543
0.023893 0.901826
0.023743 0.904110
0.023672 0.906393
0.023526 0.908676
0.023452 0.910959
0.023328 0.913242
0.023299 0.915525
0.023160 0.917808
0.023117 0.920091
0.022982 0.922374
0.022939 0.924658
0.022822 0.926941
0.022821 0.929224
0.022690 0.931507
0.022673 0.933790
0.022548 0.936073
0.022534 0.938356
0.022417 0.940639
0.022443 0.942922
0.022322 0.945205
0.022330 0.947489
0.022204 0.949772
0.022215 0.952055
0.022109 0.954338
0.022159 0.956621
0.022030 0.958904
0.022056 0.961187
0.021948 0.963470
0.021979 0.965753
0.021865 0.968037
0.021950 0.970320
0.021894 0.972603
0.022121 0.974886
0.022548 0.977169
0.024123 0.979452
0.028043 0.981735
0.038705 0.984018
0.064725 0.986301
0.128050 0.988584
0.265418 0.990868
0.517278 0.993151
0.836424 0.995434
