title="d2z6      Re=86000     iterations=5001 "
 zone t="d2z6"variables=u/U,Y
-0.000029 0.000000
-0.000258 0.002283
-0.000669 0.004566
-0.000902 0.006849
-0.000986 0.009132
-0.001029 0.011416
-0.001030 0.013699
-0.001042 0.015982
-0.001038 0.018265
-0.001046 0.020548
-0.001040 0.022831
-0.001049 0.025114
-0.001043 0.027397
-0.001053 0.029680
-0.001049 0.031963
-0.001056 0.034247
-0.001051 0.036530
-0.001058 0.038813
-0.001053 0.041096
-0.001061 0.043379
-0.001059 0.045662
-0.001063 0.047945
-0.001062 0.050228
-0.001066 0.052511
-0.001064 0.054795
-0.001069 0.057078
-0.001070 0.059361
-0.001072 0.061644
-0.001072 0.063927
-0.001075 0.066210
-0.001073 0.068493
-0.001077 0.070776
-0.001078 0.073059
-0.001079 0.075342
-0.001079 0.077626
-0.001082 0.079909
-0.001080 0.082192
-0.001083 0.084475
-0.001085 0.086758
-0.001085 0.089041
-0.001086 0.091324
-0.001087 0.093607
-0.001086 0.095890
-0.001088 0.098174
-0.001090 0.100457
-0.001090 0.102740
-0.001091 0.105023
-0.001093 0.107306
-0.001092 0.109589
-0.001094 0.111872
-0.001096 0.114155
-0.001097 0.116438
-0.001097 0.118721
-0.001099 0.121005
-0.001098 0.123288
-0.001101 0.125571
-0.001104 0.127854
-0.001105 0.130137
-0.001105 0.132420
-0.001109 0.134703
-0.001107 0.136986
-0.001111 0.139269
-0.001114 0.141553
-0.001115 0.143836
-0.001115 0.146119
-0.001119 0.148402
-0.001118 0.150685
-0.001122 0.152968
-0.001125 0.155251
-0.001128 0.157534
-0.001129 0.159817
-0.001135 0.162100
-0.001133 0.164384
-0.001141 0.166667
-0.001143 0.168950
-0.001149 0.171233
-0.001149 0.173516
-0.001158 0.175799
-0.001157 0.178082
-0.001167 0.180365
-0.001171 0.182648
-0.001178 0.184932
-0.001180 0.187215
-0.001189 0.189498
-0.001189 0.191781
-0.001199 0.194064
-0.001203 0.196347
-0.001210 0.198630
-0.001212 0.200913
-0.001224 0.203196
-0.001224 0.205479
-0.001237 0.207763
-0.001242 0.210046
-0.001252 0.212329
-0.001255 0.214612
-0.001269 0.216895
-0.001269 0.219178
-0.001283 0.221461
-0.001289 0.223744
-0.001299 0.226027
-0.001303 0.228311
-0.001316 0.230594
-0.001317 0.232877
-0.001331 0.235160
-0.001338 0.237443
-0.001348 0.239726
-0.001352 0.242009
-0.001366 0.244292
-0.001367 0.246575
-0.001382 0.248858
-0.001388 0.251142
-0.001399 0.253425
-0.001402 0.255708
-0.001418 0.257991
-0.001418 0.260274
-0.001434 0.262557
-0.001440 0.264840
-0.001453 0.267123
-0.001456 0.269406
-0.001472 0.271689
-0.001471 0.273973
-0.001487 0.276256
-0.001492 0.278539
-0.001504 0.280822
-0.001505 0.283105
-0.001523 0.285388
-0.001519 0.287671
-0.001537 0.289954
-0.001541 0.292237
-0.001555 0.294521
-0.001555 0.296804
-0.001574 0.299087
-0.001569 0.301370
-0.001589 0.303653
-0.001592 0.305936
-0.001606 0.308219
-0.001605 0.310502
-0.001625 0.312785
-0.001619 0.315068
-0.001639 0.317352
-0.001641 0.319635
-0.001657 0.321918
-0.001653 0.324201
-0.001675 0.326484
-0.001666 0.328767
-0.001688 0.331050
-0.001688 0.333333
-0.001706 0.335616
-0.001701 0.337900
-0.001727 0.340183
-0.001717 0.342466
-0.001743 0.344749
-0.001744 0.347032
-0.001765 0.349315
-0.001762 0.351598
-0.001790 0.353881
-0.001779 0.356164
-0.001807 0.358447
-0.001807 0.360731
-0.001830 0.363014
-0.001824 0.365297
-0.001854 0.367580
-0.001841 0.369863
-0.001872 0.372146
-0.001870 0.374429
-0.001896 0.376712
-0.001890 0.378995
-0.001923 0.381279
-0.001909 0.383562
-0.001943 0.385845
-0.001942 0.388128
-0.001970 0.390411
-0.001966 0.392694
-0.002002 0.394977
-0.001990 0.397260
-0.002026 0.399543
-0.002027 0.401826
-0.002056 0.404110
-0.002052 0.406393
-0.002089 0.408676
-0.002074 0.410959
-0.002111 0.413242
-0.002110 0.415525
-0.002141 0.417808
-0.002135 0.420091
-0.002175 0.422374
-0.002160 0.424658
-0.002200 0.426941
-0.002202 0.429224
-0.002235 0.431507
-0.002231 0.433790
-0.002272 0.436073
-0.002258 0.438356
-0.002298 0.440639
-0.002299 0.442922
-0.002332 0.445205
-0.002326 0.447489
-0.002367 0.449772
-0.002350 0.452055
-0.002391 0.454338
-0.002391 0.456621
-0.002424 0.458904
-0.002418 0.461187
-0.002461 0.463470
-0.002443 0.465753
-0.002485 0.468037
-0.002485 0.470320
-0.002518 0.472603
-0.002513 0.474886
-0.002555 0.477169
-0.002535 0.479452
-0.002578 0.481735
-0.002578 0.484018
-0.002611 0.486301
-0.002605 0.488584
-0.002648 0.490868
-0.002626 0.493151
-0.002670 0.495434
-0.002668 0.497717
-0.002702 0.500000
-0.002694 0.502283
-0.002737 0.504566
-0.002713 0.506849
-0.002758 0.509132
-0.002757 0.511416
-0.002791 0.513699
-0.002785 0.515982
-0.002828 0.518265
-0.002804 0.520548
-0.002849 0.522831
-0.002848 0.525114
-0.002880 0.527397
-0.002871 0.529680
-0.002915 0.531963
-0.002886 0.534247
-0.002932 0.536530
-0.002928 0.538813
-0.002961 0.541096
-0.002952 0.543379
-0.002997 0.545662
-0.002969 0.547945
-0.003017 0.550228
-0.003017 0.552511
-0.003052 0.554795
-0.003046 0.557078
-0.003094 0.559361
-0.003066 0.561644
-0.003116 0.563927
-0.003116 0.566210
-0.003153 0.568493
-0.003146 0.570776
-0.003197 0.573059
-0.003166 0.575342
-0.003222 0.577626
-0.003222 0.579909
-0.003264 0.582192
-0.003259 0.584475
-0.003315 0.586758
-0.003287 0.589041
-0.003347 0.591324
-0.003352 0.593607
-0.003396 0.595890
-0.003396 0.598174
-0.003452 0.600457
-0.003426 0.602740
-0.003486 0.605023
-0.003493 0.607306
-0.003535 0.609589
-0.003537 0.611872
-0.003592 0.614155
-0.003567 0.616438
-0.003626 0.618721
-0.003637 0.621005
-0.003678 0.623288
-0.003683 0.625571
-0.003737 0.627854
-0.003713 0.630137
-0.003771 0.632420
-0.003785 0.634703
-0.003823 0.636986
-0.003832 0.639269
-0.003883 0.641553
-0.003860 0.643836
-0.003916 0.646119
-0.003932 0.648402
-0.003968 0.650685
-0.003978 0.652968
-0.004029 0.655251
-0.004006 0.657534
-0.004064 0.659817
-0.004081 0.662100
-0.004119 0.664384
-0.004131 0.666667
-0.004183 0.668950
-0.004163 0.671233
-0.004220 0.673516
-0.004242 0.675799
-0.004274 0.678082
-0.004293 0.680365
-0.004338 0.682648
-0.004321 0.684932
-0.004370 0.687215
-0.004396 0.689498
-0.004420 0.691781
-0.004441 0.694064
-0.004479 0.696347
-0.004460 0.698630
-0.004507 0.700913
-0.004532 0.703196
-0.004554 0.705479
-0.004575 0.707763
-0.004614 0.710046
-0.004595 0.712329
-0.004643 0.714612
-0.004670 0.716895
-0.004692 0.719178
-0.004716 0.721461
-0.004755 0.723744
-0.004737 0.726027
-0.004782 0.728311
-0.004812 0.730594
-0.004829 0.732877
-0.004855 0.735160
-0.004888 0.737443
-0.004871 0.739726
-0.004912 0.742009
-0.004946 0.744292
-0.004957 0.746575
-0.004991 0.748858
-0.005019 0.751142
-0.005008 0.753425
-0.005045 0.755708
-0.005086 0.757991
-0.005092 0.760274
-0.005132 0.762557
-0.005155 0.764840
-0.005148 0.767123
-0.005180 0.769406
-0.005225 0.771689
-0.005226 0.773973
-0.005270 0.776256
-0.005291 0.778539
-0.005287 0.780822
-0.005319 0.783105
-0.005371 0.785388
-0.005371 0.787671
-0.005426 0.789954
-0.005444 0.792237
-0.005451 0.794521
-0.005479 0.796804
-0.005542 0.799087
-0.005535 0.801370
-0.005601 0.803653
-0.005611 0.805936
-0.005625 0.808219
-0.005646 0.810502
-0.005715 0.812785
-0.005700 0.815068
-0.005771 0.817352
-0.005776 0.819635
-0.005795 0.821918
-0.005813 0.824201
-0.005888 0.826484
-0.005872 0.828767
-0.005951 0.831050
-0.005955 0.833333
-0.005984 0.835616
-0.006000 0.837900
-0.006087 0.840183
-0.006066 0.842466
-0.006158 0.844749
-0.006157 0.847032
-0.006197 0.849315
-0.006207 0.851598
-0.006303 0.853881
-0.006276 0.856164
-0.006375 0.858447
-0.006368 0.860731
-0.006413 0.863014
-0.006420 0.865297
-0.006520 0.867580
-0.006490 0.869863
-0.006594 0.872146
-0.006587 0.874429
-0.006638 0.876712
-0.006644 0.878995
-0.006751 0.881279
-0.006720 0.883562
-0.006833 0.885845
-0.006825 0.888128
-0.006885 0.890411
-0.006890 0.892694
-0.007003 0.894977
-0.006973 0.897260
-0.007091 0.899543
-0.007085 0.901826
-0.007148 0.904110
-0.007157 0.906393
-0.007274 0.908676
-0.007248 0.910959
-0.007371 0.913242
-0.007370 0.915525
-0.007442 0.917808
-0.007455 0.920091
-0.007580 0.922374
-0.007561 0.924658
-0.007693 0.926941
-0.007699 0.929224
-0.007781 0.931507
-0.007804 0.933790
-0.007937 0.936073
-0.007930 0.938356
-0.008069 0.940639
-0.008091 0.942922
-0.008182 0.945205
-0.008224 0.947489
-0.008367 0.949772
-0.008384 0.952055
-0.008538 0.954338
-0.008584 0.956621
-0.008699 0.958904
-0.008768 0.961187
-0.008937 0.963470
-0.008984 0.965753
-0.009171 0.968037
-0.009250 0.970320
-0.009403 0.972603
-0.009504 0.974886
-0.009745 0.977169
-0.009933 0.979452
-0.009759 0.981735
-0.004962 0.984018
0.017373 0.986301
0.084679 0.988584
0.235800 0.990868
0.501339 0.993151
0.831014 0.995434
