title="d2z6      Re=86000     iterations=185001 "
 zone t="d2z6"variables=u/U,Y
0.000005 0.000000
-0.014491 0.002283
-0.050358 0.004566
-0.089802 0.006849
-0.112602 0.009132
-0.117964 0.011416
-0.117513 0.013699
-0.116500 0.015982
-0.117395 0.018265
-0.116065 0.020548
-0.116338 0.022831
-0.114964 0.025114
-0.115029 0.027397
-0.113159 0.029680
-0.113249 0.031963
-0.110809 0.034247
-0.110639 0.036530
-0.107180 0.038813
-0.106262 0.041096
-0.100916 0.043379
-0.099014 0.045662
-0.091676 0.047945
-0.089484 0.050228
-0.081572 0.052511
-0.080163 0.054795
-0.072275 0.057078
-0.071862 0.059361
-0.064265 0.061644
-0.066011 0.063927
-0.061577 0.066210
-0.067810 0.068493
-0.069899 0.070776
-0.080922 0.073059
-0.085385 0.075342
-0.097088 0.077626
-0.098865 0.079909
-0.111931 0.082192
-0.117247 0.084475
-0.133766 0.086758
-0.144123 0.089041
-0.162625 0.091324
-0.177681 0.093607
-0.196496 0.095890
-0.214346 0.098174
-0.231765 0.100457
-0.250846 0.102740
-0.265571 0.105023
-0.284308 0.107306
-0.294973 0.109589
-0.312141 0.111872
-0.318799 0.114155
-0.333943 0.116438
-0.339531 0.118721
-0.352913 0.121005
-0.358178 0.123288
-0.368056 0.125571
-0.368741 0.127854
-0.372881 0.130137
-0.368272 0.132420
-0.368243 0.134703
-0.362485 0.136986
-0.361083 0.139269
-0.356335 0.141553
-0.354849 0.143836
-0.350421 0.146119
-0.347910 0.148402
-0.342347 0.150685
-0.338041 0.152968
-0.329993 0.155251
-0.323740 0.157534
-0.312897 0.159817
-0.304948 0.162100
-0.291565 0.164384
-0.282554 0.166667
-0.267678 0.168950
-0.258897 0.171233
-0.243608 0.173516
-0.235168 0.175799
-0.220655 0.178082
-0.215198 0.180365
-0.203315 0.182648
-0.200049 0.184932
-0.191135 0.187215
-0.190611 0.189498
-0.184180 0.191781
-0.182299 0.194064
-0.177262 0.196347
-0.181412 0.198630
-0.180757 0.200913
-0.182993 0.203196
-0.182979 0.205479
-0.189163 0.207763
-0.189531 0.210046
-0.189712 0.212329
-0.191488 0.214612
-0.200627 0.216895
-0.204057 0.219178
-0.206135 0.221461
-0.209169 0.223744
-0.217482 0.226027
-0.219320 0.228311
-0.219032 0.230594
-0.219966 0.232877
-0.224335 0.235160
-0.224514 0.237443
-0.222401 0.239726
-0.221991 0.242009
-0.223391 0.244292
-0.221308 0.246575
-0.216163 0.248858
-0.212277 0.251142
-0.208813 0.253425
-0.203333 0.255708
-0.195012 0.257991
-0.188623 0.260274
-0.182420 0.262557
-0.175272 0.264840
-0.165304 0.267123
-0.157638 0.269406
-0.150094 0.271689
-0.142702 0.273973
-0.132798 0.276256
-0.126836 0.278539
-0.120258 0.280822
-0.115097 0.283105
-0.106987 0.285388
-0.102074 0.287671
-0.095871 0.289954
-0.092057 0.292237
-0.086505 0.294521
-0.084691 0.296804
-0.081027 0.299087
-0.079322 0.301370
-0.074921 0.303653
-0.072830 0.305936
-0.068969 0.308219
-0.067427 0.310502
-0.064051 0.312785
-0.063597 0.315068
-0.061364 0.317352
-0.061370 0.319635
-0.059315 0.321918
-0.059262 0.324201
-0.057276 0.326484
-0.056587 0.328767
-0.053781 0.331050
-0.052531 0.333333
-0.050400 0.335616
-0.050148 0.337900
-0.050091 0.340183
-0.051320 0.342466
-0.053257 0.344749
-0.055201 0.347032
-0.057459 0.349315
-0.059642 0.351598
-0.062425 0.353881
-0.064680 0.356164
-0.067379 0.358447
-0.069553 0.360731
-0.072094 0.363014
-0.074096 0.365297
-0.076376 0.367580
-0.078243 0.369863
-0.080200 0.372146
-0.081727 0.374429
-0.082747 0.376712
-0.083624 0.378995
-0.083392 0.381279
-0.083617 0.383562
-0.082010 0.385845
-0.081583 0.388128
-0.079520 0.390411
-0.079208 0.392694
-0.077083 0.394977
-0.078258 0.397260
-0.078762 0.399543
-0.081203 0.401826
-0.081355 0.404110
-0.083351 0.406393
-0.083089 0.408676
-0.084722 0.410959
-0.083842 0.413242
-0.085863 0.415525
-0.085616 0.417808
-0.088133 0.420091
-0.087431 0.422374
-0.089993 0.424658
-0.089279 0.426941
-0.091733 0.429224
-0.089628 0.431507
-0.091842 0.433790
-0.089561 0.436073
-0.091170 0.438356
-0.086558 0.440639
-0.087241 0.442922
-0.082367 0.445205
-0.082046 0.447489
-0.073876 0.449772
-0.071895 0.452055
-0.063941 0.454338
-0.060588 0.456621
-0.048416 0.458904
-0.043139 0.461187
-0.032721 0.463470
-0.025914 0.465753
-0.010307 0.468037
-0.001458 0.470320
0.009790 0.472603
0.019731 0.474886
0.036657 0.477169
0.047816 0.479452
0.057204 0.481735
0.068368 0.484018
0.083424 0.486301
0.094420 0.488584
0.100030 0.490868
0.110092 0.493151
0.120434 0.495434
0.129067 0.497717
0.131102 0.500000
0.138506 0.502283
0.143478 0.504566
0.149131 0.506849
0.148638 0.509132
0.153122 0.511416
0.153951 0.513699
0.156877 0.515982
0.154730 0.518265
0.156598 0.520548
0.154881 0.522831
0.155852 0.525114
0.152123 0.527397
0.152658 0.529680
0.149071 0.531963
0.148891 0.534247
0.145044 0.536530
0.143757 0.538813
0.142658 0.541096
0.142069 0.543379
0.133819 0.545662
0.132382 0.547945
0.133243 0.550228
0.131260 0.552511
0.124588 0.554795
0.123078 0.557078
0.124810 0.559361
0.122639 0.561644
0.119688 0.563927
0.117715 0.566210
0.117997 0.568493
0.115539 0.570776
0.113250 0.573059
0.110984 0.575342
0.110508 0.577626
0.108191 0.579909
0.107381 0.582192
0.105528 0.584475
0.105951 0.586758
0.104750 0.589041
0.106065 0.591324
0.105997 0.593607
0.108521 0.595890
0.109974 0.598174
0.113504 0.600457
0.116659 0.602740
0.121116 0.605023
0.125852 0.607306
0.130507 0.609589
0.136417 0.611872
0.141022 0.614155
0.147535 0.616438
0.151271 0.618721
0.157747 0.621005
0.160473 0.623288
0.166347 0.625571
0.167618 0.627854
0.172533 0.630137
0.172547 0.632420
0.176347 0.634703
0.175157 0.636986
0.177929 0.639269
0.175889 0.641553
0.177847 0.643836
0.175024 0.646119
0.176362 0.648402
0.173072 0.650685
0.173969 0.652968
0.170441 0.655251
0.171025 0.657534
0.167470 0.659817
0.167880 0.662100
0.164173 0.664384
0.164390 0.666667
0.161111 0.668950
0.161262 0.671233
0.157378 0.673516
0.157397 0.675799
0.154065 0.678082
0.153981 0.680365
0.150112 0.682648
0.149982 0.684932
0.146742 0.687215
0.146525 0.689498
0.143153 0.691781
0.142960 0.694064
0.140187 0.696347
0.139985 0.698630
0.137259 0.700913
0.137099 0.703196
0.134872 0.705479
0.134762 0.707763
0.132634 0.710046
0.132565 0.712329
0.130802 0.714612
0.130771 0.716895
0.129047 0.719178
0.129054 0.721461
0.127678 0.723744
0.127695 0.726027
0.126184 0.728311
0.126184 0.730594
0.125064 0.732877
0.125086 0.735160
0.123637 0.737443
0.123576 0.739726
0.122587 0.742009
0.122497 0.744292
0.120898 0.746575
0.120730 0.748858
0.119656 0.751142
0.119342 0.753425
0.117504 0.755708
0.117075 0.757991
0.115657 0.760274
0.115046 0.762557
0.113028 0.764840
0.112212 0.767123
0.110624 0.769406
0.109631 0.771689
0.107854 0.773973
0.106791 0.776256
0.105615 0.778539
0.104408 0.780822
0.103363 0.783105
0.102118 0.785388
0.101443 0.787671
0.100127 0.789954
0.099625 0.792237
0.098244 0.794521
0.098077 0.796804
0.096759 0.799087
0.096755 0.801370
0.095546 0.803653
0.095846 0.805936
0.094674 0.808219
0.095027 0.810502
0.093944 0.812785
0.094234 0.815068
0.093196 0.817352
0.093518 0.819635
0.092500 0.821918
0.092935 0.824201
0.092100 0.826484
0.092751 0.828767
0.092154 0.831050
0.093336 0.833333
0.092942 0.835616
0.094512 0.837900
0.094385 0.840183
0.096120 0.842466
0.096149 0.844749
0.098058 0.847032
0.098103 0.849315
0.100112 0.851598
0.100331 0.853881
0.102717 0.856164
0.103315 0.858447
0.106715 0.860731
0.107773 0.863014
0.111687 0.865297
0.113075 0.867580
0.117161 0.869863
0.118604 0.872146
0.122213 0.874429
0.123504 0.876712
0.126881 0.878995
0.128083 0.881279
0.130922 0.883562
0.132091 0.885845
0.134839 0.888128
0.135880 0.890411
0.138374 0.892694
0.139344 0.894977
0.141441 0.897260
0.142124 0.899543
0.143636 0.901826
0.143732 0.904110
0.144430 0.906393
0.144070 0.908676
0.144171 0.910959
0.143617 0.913242
0.143609 0.915525
0.142991 0.917808
0.142941 0.920091
0.142408 0.922374
0.142343 0.924658
0.141909 0.926941
0.141903 0.929224
0.141511 0.931507
0.141555 0.933790
0.141322 0.936073
0.141423 0.938356
0.141329 0.940639
0.141470 0.942922
0.141245 0.945205
0.141111 0.947489
0.140474 0.949772
0.139858 0.952055
0.138626 0.954338
0.137532 0.956621
0.135720 0.958904
0.134139 0.961187
0.131912 0.963470
0.130023 0.965753
0.127725 0.968037
0.125912 0.970320
0.123860 0.972603
0.122133 0.974886
0.120367 0.977169
0.116560 0.979452
0.112331 0.981735
0.098944 0.984018
0.100545 0.986301
0.117958 0.988584
0.279846 0.990868
0.607678 0.993151
0.881959 0.995434
