title="d2z6      Re=86000     iterations=110001 "
 zone t="d2z6"variables=u/U,Y
0.000001 0.000000
-0.001433 0.002283
-0.007818 0.004566
-0.017687 0.006849
-0.026186 0.009132
-0.030251 0.011416
-0.032927 0.013699
-0.033377 0.015982
-0.034903 0.018265
-0.034562 0.020548
-0.035225 0.022831
-0.034101 0.025114
-0.034450 0.027397
-0.033648 0.029680
-0.034354 0.031963
-0.034107 0.034247
-0.035110 0.036530
-0.035196 0.038813
-0.036361 0.041096
-0.036724 0.043379
-0.038038 0.045662
-0.038796 0.047945
-0.040476 0.050228
-0.042128 0.052511
-0.044578 0.054795
-0.047559 0.057078
-0.050556 0.059361
-0.053695 0.061644
-0.055734 0.063927
-0.056501 0.066210
-0.056315 0.068493
-0.054182 0.070776
-0.052727 0.073059
-0.049970 0.075342
-0.049185 0.077626
-0.047330 0.079909
-0.047674 0.082192
-0.045995 0.084475
-0.047064 0.086758
-0.044794 0.089041
-0.045074 0.091324
-0.040504 0.093607
-0.036980 0.095890
-0.030052 0.098174
-0.022978 0.100457
-0.015980 0.102740
-0.007809 0.105023
-0.002954 0.107306
0.004080 0.109589
0.005755 0.111872
0.010433 0.114155
0.009473 0.116438
0.012093 0.118721
0.008653 0.121005
0.009254 0.123288
0.002455 0.125571
0.001294 0.127854
-0.004635 0.130137
-0.004425 0.132420
-0.006284 0.134703
-0.004287 0.136986
-0.006197 0.139269
-0.001433 0.141553
-0.000534 0.143836
0.010374 0.146119
0.012042 0.148402
0.021570 0.150685
0.017149 0.152968
0.021258 0.155251
0.010006 0.157534
0.005467 0.159817
-0.015183 0.162100
-0.033107 0.164384
-0.061119 0.166667
-0.090025 0.168950
-0.122005 0.171233
-0.157458 0.173516
-0.187415 0.175799
-0.223292 0.178082
-0.246444 0.180365
-0.276816 0.182648
-0.290276 0.184932
-0.311122 0.187215
-0.314631 0.189498
-0.326179 0.191781
-0.328716 0.194064
-0.338403 0.196347
-0.339738 0.198630
-0.346370 0.200913
-0.346669 0.203196
-0.348055 0.205479
-0.343877 0.207763
-0.342905 0.210046
-0.341149 0.212329
-0.341963 0.214612
-0.341312 0.216895
-0.341271 0.219178
-0.339694 0.221461
-0.338970 0.223744
-0.337326 0.226027
-0.336485 0.228311
-0.335263 0.230594
-0.335178 0.232877
-0.334609 0.235160
-0.334239 0.237443
-0.331609 0.239726
-0.329629 0.242009
-0.326315 0.244292
-0.325391 0.246575
-0.324704 0.248858
-0.325951 0.251142
-0.325929 0.253425
-0.327405 0.255708
-0.330386 0.257991
-0.332307 0.260274
-0.331651 0.262557
-0.331871 0.264840
-0.334830 0.267123
-0.332588 0.269406
-0.327728 0.271689
-0.321295 0.273973
-0.318818 0.276256
-0.307124 0.278539
-0.295450 0.280822
-0.278178 0.283105
-0.265779 0.285388
-0.242263 0.287671
-0.224904 0.289954
-0.198608 0.292237
-0.177303 0.294521
-0.149712 0.296804
-0.132271 0.299087
-0.106073 0.301370
-0.089767 0.303653
-0.068755 0.305936
-0.055893 0.308219
-0.040930 0.310502
-0.032598 0.312785
-0.022488 0.315068
-0.018239 0.317352
-0.013651 0.319635
-0.012985 0.321918
-0.012990 0.324201
-0.015139 0.326484
-0.017442 0.328767
-0.020285 0.331050
-0.022939 0.333333
-0.025688 0.335616
-0.027489 0.337900
-0.030103 0.340183
-0.030892 0.342466
-0.032613 0.344749
-0.032619 0.347032
-0.034187 0.349315
-0.033367 0.351598
-0.034348 0.353881
-0.032841 0.356164
-0.033386 0.358447
-0.031079 0.360731
-0.031472 0.363014
-0.028540 0.365297
-0.028418 0.367580
-0.025041 0.369863
-0.024941 0.372146
-0.021474 0.374429
-0.021001 0.376712
-0.017787 0.378995
-0.017226 0.381279
-0.014569 0.383562
-0.013738 0.385845
-0.011807 0.388128
-0.010940 0.390411
-0.009859 0.392694
-0.008781 0.394977
-0.008448 0.397260
-0.007718 0.399543
-0.008107 0.401826
-0.007253 0.404110
-0.008115 0.406393
-0.007583 0.408676
-0.008727 0.410959
-0.008102 0.413242
-0.009418 0.415525
-0.009533 0.417808
-0.011091 0.420091
-0.009714 0.422374
-0.010359 0.424658
-0.009900 0.426941
-0.009475 0.429224
-0.006361 0.431507
-0.005097 0.433790
-0.002986 0.436073
-0.000511 0.438356
0.003901 0.440639
0.006018 0.442922
0.008212 0.445205
0.008272 0.447489
0.010282 0.449772
0.009367 0.452055
0.011287 0.454338
0.010984 0.456621
0.013708 0.458904
0.013551 0.461187
0.016649 0.463470
0.016728 0.465753
0.020518 0.468037
0.021618 0.470320
0.026353 0.472603
0.028269 0.474886
0.033523 0.477169
0.036063 0.479452
0.040990 0.481735
0.044150 0.484018
0.048394 0.486301
0.052289 0.488584
0.055703 0.490868
0.060540 0.493151
0.063160 0.495434
0.068842 0.497717
0.070759 0.500000
0.076902 0.502283
0.077928 0.504566
0.084295 0.506849
0.084555 0.509132
0.090946 0.511416
0.090533 0.513699
0.096735 0.515982
0.096174 0.518265
0.102109 0.520548
0.101490 0.522831
0.107166 0.525114
0.106825 0.527397
0.112252 0.529680
0.112406 0.531963
0.117713 0.534247
0.118549 0.536530
0.123779 0.538813
0.125680 0.541096
0.130786 0.543379
0.133788 0.545662
0.138939 0.547945
0.142922 0.550228
0.147834 0.552511
0.153045 0.554795
0.157593 0.557078
0.163722 0.559361
0.167844 0.561644
0.174158 0.563927
0.177663 0.566210
0.184431 0.568493
0.187176 0.570776
0.193347 0.573059
0.195493 0.575342
0.201223 0.577626
0.202477 0.579909
0.206760 0.582192
0.206957 0.584475
0.209678 0.586758
0.209137 0.589041
0.210580 0.591324
0.209550 0.593607
0.209949 0.595890
0.208172 0.598174
0.206492 0.600457
0.203315 0.602740
0.199262 0.605023
0.194621 0.607306
0.188917 0.609589
0.183556 0.611872
0.177558 0.614155
0.172104 0.616438
0.166153 0.618721
0.160777 0.621005
0.155384 0.623288
0.150209 0.625571
0.145046 0.627854
0.139927 0.630137
0.135815 0.632420
0.131108 0.634703
0.125972 0.636986
0.121374 0.639269
0.118361 0.641553
0.114041 0.643836
0.109569 0.646119
0.105515 0.648402
0.103066 0.650685
0.099198 0.652968
0.095493 0.655251
0.091884 0.657534
0.089781 0.659817
0.086242 0.662100
0.082845 0.664384
0.079380 0.666667
0.077517 0.668950
0.074066 0.671233
0.070806 0.673516
0.067362 0.675799
0.065781 0.678082
0.062384 0.680365
0.059373 0.682648
0.056093 0.684932
0.055048 0.687215
0.051899 0.689498
0.049086 0.691781
0.046031 0.694064
0.045199 0.696347
0.042120 0.698630
0.038823 0.700913
0.035717 0.703196
0.034611 0.705479
0.031684 0.707763
0.029163 0.710046
0.026802 0.712329
0.027324 0.714612
0.025283 0.716895
0.023910 0.719178
0.021907 0.721461
0.022829 0.723744
0.020932 0.726027
0.019663 0.728311
0.017956 0.730594
0.019473 0.732877
0.018134 0.735160
0.018753 0.737443
0.020976 0.739726
0.030220 0.742009
0.035969 0.744292
0.043276 0.746575
0.046284 0.748858
0.050125 0.751142
0.050031 0.753425
0.050576 0.755708
0.049983 0.757991
0.051095 0.760274
0.050688 0.762557
0.051807 0.764840
0.051623 0.767123
0.052738 0.769406
0.052565 0.771689
0.053565 0.773973
0.053466 0.776256
0.054651 0.778539
0.054804 0.780822
0.056139 0.783105
0.056542 0.785388
0.058155 0.787671
0.058733 0.789954
0.060617 0.792237
0.061327 0.794521
0.063181 0.796804
0.063829 0.799087
0.065589 0.801370
0.066063 0.803653
0.067660 0.805936
0.067875 0.808219
0.068978 0.810502
0.068809 0.812785
0.069547 0.815068
0.069044 0.817352
0.069563 0.819635
0.069009 0.821918
0.069456 0.824201
0.069038 0.826484
0.069680 0.828767
0.069514 0.831050
0.070400 0.833333
0.070401 0.835616
0.071082 0.837900
0.070922 0.840183
0.071309 0.842466
0.070759 0.844749
0.070646 0.847032
0.069729 0.849315
0.069178 0.851598
0.067984 0.853881
0.067207 0.856164
0.065957 0.858447
0.065314 0.860731
0.064210 0.863014
0.063494 0.865297
0.062524 0.867580
0.062009 0.869863
0.061162 0.872146
0.060707 0.874429
0.060026 0.876712
0.059560 0.878995
0.058940 0.881279
0.058516 0.883562
0.057956 0.885845
0.057593 0.888128
0.057134 0.890411
0.056700 0.892694
0.056265 0.894977
0.055885 0.897260
0.055480 0.899543
0.055152 0.901826
0.054824 0.904110
0.054445 0.906393
0.054124 0.908676
0.053802 0.910959
0.053493 0.913242
0.053228 0.915525
0.052984 0.917808
0.052679 0.920091
0.052426 0.922374
0.052178 0.924658
0.051934 0.926941
0.051742 0.929224
0.051548 0.931507
0.051324 0.933790
0.051120 0.936073
0.050947 0.938356
0.050750 0.940639
0.050629 0.942922
0.050475 0.945205
0.050328 0.947489
0.050163 0.949772
0.050060 0.952055
0.049904 0.954338
0.049849 0.956621
0.049730 0.958904
0.049655 0.961187
0.049528 0.963470
0.049488 0.965753
0.049376 0.968037
0.049379 0.970320
0.049309 0.972603
0.049349 0.974886
0.049503 0.977169
0.050407 0.979452
0.053266 0.981735
0.062163 0.984018
0.086068 0.986301
0.147366 0.988584
0.283672 0.990868
0.533910 0.993151
0.843923 0.995434
