title="d2z6      Re=86000     iterations=45001 "
 zone t="d2z6"variables=u/U,Y
-0.000019 0.000000
-0.002667 0.002283
-0.007614 0.004566
-0.011590 0.006849
-0.014734 0.009132
-0.017240 0.011416
-0.019201 0.013699
-0.020779 0.015982
-0.021948 0.018265
-0.022902 0.020548
-0.023552 0.022831
-0.024101 0.025114
-0.024435 0.027397
-0.024740 0.029680
-0.024883 0.031963
-0.025051 0.034247
-0.025093 0.036530
-0.025186 0.038813
-0.025179 0.041096
-0.025229 0.043379
-0.025186 0.045662
-0.025214 0.047945
-0.025156 0.050228
-0.025172 0.052511
-0.025112 0.054795
-0.025120 0.057078
-0.025049 0.059361
-0.025050 0.061644
-0.024976 0.063927
-0.024974 0.066210
-0.024903 0.068493
-0.024900 0.070776
-0.024821 0.073059
-0.024811 0.075342
-0.024730 0.077626
-0.024716 0.079909
-0.024638 0.082192
-0.024629 0.084475
-0.024542 0.086758
-0.024525 0.089041
-0.024438 0.091324
-0.024414 0.093607
-0.024329 0.095890
-0.024314 0.098174
-0.024220 0.100457
-0.024196 0.102740
-0.024104 0.105023
-0.024071 0.107306
-0.023980 0.109589
-0.023959 0.111872
-0.023858 0.114155
-0.023830 0.116438
-0.023735 0.118721
-0.023692 0.121005
-0.023597 0.123288
-0.023570 0.125571
-0.023464 0.127854
-0.023434 0.130137
-0.023336 0.132420
-0.023285 0.134703
-0.023187 0.136986
-0.023155 0.139269
-0.023044 0.141553
-0.023013 0.143836
-0.022914 0.146119
-0.022857 0.148402
-0.022758 0.150685
-0.022721 0.152968
-0.022608 0.155251
-0.022576 0.157534
-0.022477 0.159817
-0.022417 0.162100
-0.022320 0.164384
-0.022278 0.166667
-0.022163 0.168950
-0.022134 0.171233
-0.022035 0.173516
-0.021973 0.175799
-0.021879 0.178082
-0.021835 0.180365
-0.021720 0.182648
-0.021695 0.184932
-0.021595 0.187215
-0.021536 0.189498
-0.021445 0.191781
-0.021402 0.194064
-0.021288 0.196347
-0.021269 0.198630
-0.021167 0.200913
-0.021113 0.203196
-0.021027 0.205479
-0.020986 0.207763
-0.020875 0.210046
-0.020864 0.212329
-0.020760 0.214612
-0.020714 0.216895
-0.020630 0.219178
-0.020595 0.221461
-0.020486 0.223744
-0.020486 0.226027
-0.020379 0.228311
-0.020343 0.230594
-0.020260 0.232877
-0.020232 0.235160
-0.020125 0.237443
-0.020137 0.239726
-0.020027 0.242009
-0.020002 0.244292
-0.019917 0.246575
-0.019897 0.248858
-0.019791 0.251142
-0.019814 0.253425
-0.019703 0.255708
-0.019686 0.257991
-0.019599 0.260274
-0.019586 0.262557
-0.019478 0.264840
-0.019512 0.267123
-0.019399 0.269406
-0.019387 0.271689
-0.019296 0.273973
-0.019288 0.276256
-0.019177 0.278539
-0.019218 0.280822
-0.019104 0.283105
-0.019092 0.285388
-0.018997 0.287671
-0.018989 0.289954
-0.018873 0.292237
-0.018917 0.294521
-0.018801 0.296804
-0.018784 0.299087
-0.018684 0.301370
-0.018670 0.303653
-0.018547 0.305936
-0.018588 0.308219
-0.018469 0.310502
-0.018442 0.312785
-0.018337 0.315068
-0.018309 0.317352
-0.018178 0.319635
-0.018210 0.321918
-0.018085 0.324201
-0.018045 0.326484
-0.017931 0.328767
-0.017885 0.331050
-0.017743 0.333333
-0.017761 0.335616
-0.017626 0.337900
-0.017569 0.340183
-0.017444 0.342466
-0.017376 0.344749
-0.017220 0.347032
-0.017219 0.349315
-0.017070 0.351598
-0.016994 0.353881
-0.016855 0.356164
-0.016764 0.358447
-0.016590 0.360731
-0.016566 0.363014
-0.016398 0.365297
-0.016300 0.367580
-0.016142 0.369863
-0.016029 0.372146
-0.015834 0.374429
-0.015784 0.376712
-0.015593 0.378995
-0.015471 0.381279
-0.015293 0.383562
-0.015153 0.385845
-0.014934 0.388128
-0.014864 0.390411
-0.014644 0.392694
-0.014486 0.394977
-0.014284 0.397260
-0.014131 0.399543
-0.013885 0.401826
-0.013768 0.404110
-0.013517 0.406393
-0.013351 0.408676
-0.013120 0.410959
-0.012911 0.413242
-0.012637 0.415525
-0.012518 0.417808
-0.012231 0.420091
-0.011992 0.422374
-0.011732 0.424658
-0.011524 0.426941
-0.011212 0.429224
-0.011022 0.431507
-0.010702 0.433790
-0.010435 0.436073
-0.010134 0.438356
-0.009869 0.440639
-0.009520 0.442922
-0.009284 0.445205
-0.008919 0.447489
-0.008589 0.449772
-0.008248 0.452055
-0.007909 0.454338
-0.007514 0.456621
-0.007232 0.458904
-0.006828 0.461187
-0.006370 0.463470
-0.005988 0.465753
-0.005610 0.468037
-0.005179 0.470320
-0.004736 0.472603
-0.004305 0.474886
-0.003810 0.477169
-0.003403 0.479452
-0.002826 0.481735
-0.002389 0.484018
-0.001934 0.486301
-0.001507 0.488584
-0.000802 0.490868
-0.000420 0.493151
0.000148 0.495434
0.000542 0.497717
0.001142 0.500000
0.001472 0.502283
0.002153 0.504566
0.002409 0.506849
0.002996 0.509132
0.003168 0.511416
0.003768 0.513699
0.003793 0.515982
0.004258 0.518265
0.004103 0.520548
0.004775 0.522831
0.004410 0.525114
0.004388 0.527397
0.003773 0.529680
0.004427 0.531963
0.003521 0.534247
0.002991 0.536530
0.001872 0.538813
0.002076 0.541096
0.000607 0.543379
-0.000521 0.545662
-0.002044 0.547945
-0.002442 0.550228
-0.004221 0.552511
-0.006099 0.554795
-0.007778 0.557078
-0.008850 0.559361
-0.010510 0.561644
-0.012795 0.563927
-0.014122 0.566210
-0.015906 0.568493
-0.017058 0.570776
-0.019282 0.573059
-0.019854 0.575342
-0.021811 0.577626
-0.022067 0.579909
-0.023998 0.582192
-0.023782 0.584475
-0.025265 0.586758
-0.024585 0.589041
-0.025882 0.591324
-0.024828 0.593607
-0.025766 0.595890
-0.024387 0.598174
-0.024895 0.600457
-0.023118 0.602740
-0.023469 0.605023
-0.021524 0.607306
-0.021614 0.609589
-0.019488 0.611872
-0.019285 0.614155
-0.016980 0.616438
-0.016696 0.618721
-0.014447 0.621005
-0.013902 0.623288
-0.011772 0.625571
-0.010933 0.627854
-0.008841 0.630137
-0.007968 0.632420
-0.006092 0.634703
-0.005049 0.636986
-0.003343 0.639269
-0.002121 0.641553
-0.000524 0.643836
0.000622 0.646119
0.002033 0.648402
0.003247 0.650685
0.004476 0.652968
0.005783 0.655251
0.006915 0.657534
0.008078 0.659817
0.009061 0.662100
0.010219 0.664384
0.011091 0.666667
0.012279 0.668950
0.013071 0.671233
0.014112 0.673516
0.014744 0.675799
0.015771 0.678082
0.016337 0.680365
0.017380 0.682648
0.017850 0.684932
0.018758 0.687215
0.019113 0.689498
0.019996 0.691781
0.020310 0.694064
0.021201 0.696347
0.021427 0.698630
0.022199 0.700913
0.022341 0.703196
0.023079 0.705479
0.023212 0.707763
0.023948 0.710046
0.024001 0.712329
0.024641 0.714612
0.024632 0.716895
0.025232 0.719178
0.025235 0.721461
0.025829 0.723744
0.025757 0.726027
0.026279 0.728311
0.026159 0.730594
0.026636 0.732877
0.026540 0.735160
0.027011 0.737443
0.026842 0.739726
0.027269 0.742009
0.027055 0.744292
0.027431 0.746575
0.027249 0.748858
0.027622 0.751142
0.027371 0.753425
0.027721 0.755708
0.027428 0.757991
0.027719 0.760274
0.027464 0.762557
0.027753 0.764840
0.027438 0.767123
0.027721 0.769406
0.027364 0.771689
0.027577 0.773973
0.027265 0.776256
0.027480 0.778539
0.027120 0.780822
0.027338 0.783105
0.026934 0.785388
0.027073 0.787671
0.026722 0.789954
0.026868 0.792237
0.026480 0.794521
0.026636 0.796804
0.026201 0.799087
0.026272 0.801370
0.025896 0.803653
0.025981 0.805936
0.025577 0.808219
0.025678 0.810502
0.025224 0.812785
0.025236 0.815068
0.024845 0.817352
0.024882 0.819635
0.024471 0.821918
0.024526 0.824201
0.024065 0.826484
0.024030 0.828767
0.023636 0.831050
0.023635 0.833333
0.023229 0.835616
0.023247 0.837900
0.022792 0.840183
0.022720 0.842466
0.022336 0.844749
0.022306 0.847032
0.021916 0.849315
0.021907 0.851598
0.021470 0.853881
0.021374 0.856164
0.021009 0.858447
0.020963 0.860731
0.020596 0.863014
0.020572 0.865297
0.020161 0.867580
0.020055 0.869863
0.019714 0.872146
0.019665 0.874429
0.019324 0.876712
0.019299 0.878995
0.018916 0.881279
0.018816 0.883562
0.018500 0.885845
0.018462 0.888128
0.018145 0.890411
0.018133 0.892694
0.017778 0.894977
0.017696 0.897260
0.017405 0.899543
0.017388 0.901826
0.017094 0.904110
0.017104 0.906393
0.016776 0.908676
0.016723 0.910959
0.016452 0.913242
0.016465 0.915525
0.016191 0.917808
0.016229 0.920091
0.015926 0.922374
0.015906 0.924658
0.015655 0.926941
0.015702 0.929224
0.015445 0.931507
0.015514 0.933790
0.015233 0.936073
0.015250 0.938356
0.015014 0.940639
0.015099 0.942922
0.014856 0.945205
0.014956 0.947489
0.014693 0.949772
0.014746 0.952055
0.014523 0.954338
0.014644 0.956621
0.014403 0.958904
0.014529 0.961187
0.014278 0.963470
0.014365 0.965753
0.014131 0.968037
0.014309 0.970320
0.014135 0.972603
0.014533 0.974886
0.014909 0.977169
0.016832 0.979452
0.021018 0.981735
0.032402 0.984018
0.058975 0.986301
0.123496 0.988584
0.262521 0.990868
0.514923 0.993151
0.835339 0.995434
