title="d2z6      Re=86000     iterations=280001 "
 zone t="d2z6"variables=u/U,Y
-0.000023 0.000000
-0.011842 0.002283
-0.032341 0.004566
-0.041872 0.006849
-0.042750 0.009132
-0.045039 0.011416
-0.050596 0.013699
-0.063556 0.015982
-0.075177 0.018265
-0.091786 0.020548
-0.102878 0.022831
-0.117394 0.025114
-0.126657 0.027397
-0.144491 0.029680
-0.157065 0.031963
-0.184751 0.034247
-0.199114 0.036530
-0.222220 0.038813
-0.229053 0.041096
-0.230770 0.043379
-0.229818 0.045662
-0.223456 0.047945
-0.222142 0.050228
-0.216255 0.052511
-0.214699 0.054795
-0.211106 0.057078
-0.209758 0.059361
-0.208439 0.061644
-0.207084 0.063927
-0.207163 0.066210
-0.205584 0.068493
-0.206182 0.070776
-0.204355 0.073059
-0.204993 0.075342
-0.203043 0.077626
-0.203626 0.079909
-0.201597 0.082192
-0.202154 0.084475
-0.200200 0.086758
-0.200835 0.089041
-0.199051 0.091324
-0.199907 0.093607
-0.198386 0.095890
-0.199712 0.098174
-0.198329 0.100457
-0.200056 0.102740
-0.198783 0.105023
-0.200770 0.107306
-0.199255 0.109589
-0.201164 0.111872
-0.199316 0.114155
-0.200726 0.116438
-0.198420 0.118721
-0.198921 0.121005
-0.196217 0.123288
-0.195757 0.125571
-0.192811 0.127854
-0.191526 0.130137
-0.188465 0.132420
-0.186665 0.134703
-0.183662 0.136986
-0.181258 0.139269
-0.178227 0.141553
-0.175982 0.143836
-0.172863 0.146119
-0.169959 0.148402
-0.166697 0.150685
-0.163908 0.152968
-0.160521 0.155251
-0.157031 0.157534
-0.153588 0.159817
-0.149966 0.162100
-0.146573 0.164384
-0.142366 0.166667
-0.139110 0.168950
-0.134834 0.171233
-0.131861 0.173516
-0.127364 0.175799
-0.124861 0.178082
-0.120724 0.180365
-0.118864 0.182648
-0.115271 0.184932
-0.114346 0.187215
-0.111661 0.189498
-0.111853 0.191781
-0.109933 0.194064
-0.111248 0.196347
-0.109667 0.198630
-0.111682 0.200913
-0.109648 0.203196
-0.111863 0.205479
-0.108579 0.207763
-0.110527 0.210046
-0.105592 0.212329
-0.105082 0.214612
-0.093736 0.216895
-0.088226 0.219178
-0.073462 0.221461
-0.067972 0.223744
-0.055998 0.226027
-0.053088 0.228311
-0.045768 0.230594
-0.045531 0.232877
-0.040195 0.235160
-0.040178 0.237443
-0.035251 0.239726
-0.034142 0.242009
-0.027498 0.244292
-0.029689 0.246575
-0.021540 0.248858
-0.025886 0.251142
-0.045934 0.253425
-0.053223 0.255708
-0.045003 0.257991
-0.052579 0.260274
-0.070633 0.262557
-0.076463 0.264840
-0.074824 0.267123
-0.080690 0.269406
-0.091666 0.271689
-0.095638 0.273973
-0.097539 0.276256
-0.100930 0.278539
-0.106772 0.280822
-0.109283 0.283105
-0.112118 0.285388
-0.113743 0.287671
-0.116970 0.289954
-0.118214 0.292237
-0.120398 0.294521
-0.120936 0.296804
-0.122223 0.299087
-0.122045 0.301370
-0.122353 0.303653
-0.121996 0.305936
-0.122394 0.308219
-0.121640 0.310502
-0.121504 0.312785
-0.121130 0.315068
-0.121923 0.317352
-0.122133 0.319635
-0.122458 0.321918
-0.122958 0.324201
-0.123006 0.326484
-0.122983 0.328767
-0.122445 0.331050
-0.121714 0.333333
-0.120205 0.335616
-0.119039 0.337900
-0.117396 0.340183
-0.116560 0.342466
-0.115385 0.344749
-0.115368 0.347032
-0.115179 0.349315
-0.116118 0.351598
-0.117175 0.353881
-0.119039 0.356164
-0.120891 0.358447
-0.123263 0.360731
-0.125663 0.363014
-0.128398 0.365297
-0.130947 0.367580
-0.133766 0.369863
-0.136844 0.372146
-0.139576 0.374429
-0.142542 0.376712
-0.145468 0.378995
-0.147375 0.381279
-0.149721 0.383562
-0.154245 0.385845
-0.156932 0.388128
-0.157005 0.390411
-0.159509 0.392694
-0.164274 0.394977
-0.166268 0.397260
-0.167122 0.399543
-0.169382 0.401826
-0.171716 0.404110
-0.173086 0.406393
-0.174741 0.408676
-0.175721 0.410959
-0.176867 0.413242
-0.177567 0.415525
-0.177982 0.417808
-0.178338 0.420091
-0.179050 0.422374
-0.178897 0.424658
-0.179299 0.426941
-0.179283 0.429224
-0.178220 0.431507
-0.178056 0.433790
-0.178620 0.436073
-0.178074 0.438356
-0.178223 0.440639
-0.178118 0.442922
-0.177718 0.445205
-0.178129 0.447489
-0.178157 0.449772
-0.178989 0.452055
-0.180434 0.454338
-0.182212 0.456621
-0.184344 0.458904
-0.187703 0.461187
-0.190276 0.463470
-0.194827 0.465753
-0.197782 0.468037
-0.201938 0.470320
-0.204120 0.472603
-0.206061 0.474886
-0.204259 0.477169
-0.202570 0.479452
-0.200505 0.481735
-0.196578 0.484018
-0.189992 0.486301
-0.184553 0.488584
-0.181533 0.490868
-0.176873 0.493151
-0.171248 0.495434
-0.168572 0.497717
-0.167646 0.500000
-0.165188 0.502283
-0.161446 0.504566
-0.159197 0.506849
-0.156751 0.509132
-0.154318 0.511416
-0.151178 0.513699
-0.149050 0.515982
-0.146483 0.518265
-0.144743 0.520548
-0.142099 0.522831
-0.140708 0.525114
-0.138985 0.527397
-0.138125 0.529680
-0.136314 0.531963
-0.135952 0.534247
-0.134972 0.536530
-0.134724 0.538813
-0.133104 0.541096
-0.132638 0.543379
-0.130860 0.545662
-0.130228 0.547945
-0.128005 0.550228
-0.128113 0.552511
-0.126934 0.554795
-0.127990 0.557078
-0.126512 0.559361
-0.127359 0.561644
-0.125443 0.563927
-0.124160 0.566210
-0.118711 0.568493
-0.115311 0.570776
-0.109414 0.573059
-0.106867 0.575342
-0.099547 0.577626
-0.096881 0.579909
-0.089952 0.582192
-0.086591 0.584475
-0.076636 0.586758
-0.072739 0.589041
-0.064904 0.591324
-0.060252 0.593607
-0.048374 0.595890
-0.042352 0.598174
-0.033932 0.600457
-0.027342 0.602740
-0.013862 0.605023
-0.005993 0.607306
0.001514 0.609589
0.009508 0.611872
0.024072 0.614155
0.032941 0.616438
0.038484 0.618721
0.047209 0.621005
0.061771 0.623288
0.070923 0.625571
0.074113 0.627854
0.082768 0.630137
0.095956 0.632420
0.104600 0.634703
0.105361 0.636986
0.113410 0.639269
0.123765 0.641553
0.131123 0.643836
0.129666 0.646119
0.136463 0.648402
0.142617 0.650685
0.148279 0.652968
0.145132 0.655251
0.150059 0.657534
0.152226 0.659817
0.156056 0.662100
0.152013 0.664384
0.155224 0.666667
0.155042 0.668950
0.157354 0.671233
0.152648 0.673516
0.154423 0.675799
0.154170 0.678082
0.155688 0.680365
0.150849 0.682648
0.151857 0.684932
0.153664 0.687215
0.154441 0.689498
0.150658 0.691781
0.151810 0.694064
0.151937 0.696347
0.152457 0.698630
0.151229 0.700913
0.152099 0.703196
0.152756 0.705479
0.153469 0.707763
0.155122 0.710046
0.155823 0.712329
0.156981 0.714612
0.157851 0.716895
0.157735 0.719178
0.159048 0.721461
0.158019 0.723744
0.159583 0.726027
0.157888 0.728311
0.160391 0.730594
0.159566 0.732877
0.162736 0.735160
0.162286 0.737443
0.166864 0.739726
0.168166 0.742009
0.174134 0.744292
0.176389 0.746575
0.184187 0.748858
0.188915 0.751142
0.197437 0.753425
0.203340 0.755708
0.212534 0.757991
0.220095 0.760274
0.228470 0.762557
0.236238 0.764840
0.243383 0.767123
0.251310 0.769406
0.256621 0.771689
0.263669 0.773973
0.267070 0.776256
0.273324 0.778539
0.275003 0.780822
0.280077 0.783105
0.281022 0.785388
0.285422 0.787671
0.286155 0.789954
0.289904 0.792237
0.290963 0.794521
0.294273 0.796804
0.295844 0.799087
0.298541 0.801370
0.300209 0.803653
0.302170 0.805936
0.303809 0.808219
0.305334 0.810502
0.306829 0.812785
0.308073 0.815068
0.309614 0.817352
0.310921 0.819635
0.312987 0.821918
0.316628 0.824201
0.318881 0.826484
0.325231 0.828767
0.328041 0.831050
0.326978 0.833333
0.327988 0.835616
0.328165 0.837900
0.326911 0.840183
0.319676 0.842466
0.317931 0.844749
0.313029 0.847032
0.311172 0.849315
0.306974 0.851598
0.305821 0.853881
0.302311 0.856164
0.301232 0.858447
0.298969 0.860731
0.298073 0.863014
0.295523 0.865297
0.293791 0.867580
0.287849 0.869863
0.284939 0.872146
0.276246 0.874429
0.272056 0.876712
0.260792 0.878995
0.255569 0.881279
0.244472 0.883562
0.239688 0.885845
0.232678 0.888128
0.229367 0.890411
0.226825 0.892694
0.224909 0.894977
0.225080 0.897260
0.223809 0.899543
0.225072 0.901826
0.224074 0.904110
0.225831 0.906393
0.225313 0.908676
0.227536 0.910959
0.227251 0.913242
0.229380 0.915525
0.228826 0.917808
0.230060 0.920091
0.229167 0.922374
0.229561 0.924658
0.228269 0.926941
0.228001 0.929224
0.226179 0.931507
0.225479 0.933790
0.223943 0.936073
0.224048 0.938356
0.223254 0.940639
0.224650 0.942922
0.224489 0.945205
0.226206 0.947489
0.226153 0.949772
0.227766 0.952055
0.227688 0.954338
0.229454 0.956621
0.229783 0.958904
0.232278 0.961187
0.233602 0.963470
0.236778 0.965753
0.237226 0.968037
0.237257 0.970320
0.232664 0.972603
0.226917 0.974886
0.218430 0.977169
0.211351 0.979452
0.204430 0.981735
0.200822 0.984018
0.201617 0.986301
0.222473 0.988584
0.303786 0.990868
0.516282 0.993151
0.830459 0.995434
