title="d2z6      Re=86000     iterations=430001 "
 zone t="d2z6"variables=X,v/U
0.001370 0.000000
0.004110 0.011679
0.006849 0.055562
0.009589 0.080040
0.012329 0.086164
0.015068 0.083638
0.017808 0.082772
0.020548 0.083923
0.023288 0.083034
0.026027 0.080877
0.028767 0.079669
0.031507 0.077616
0.034247 0.076258
0.036986 0.075325
0.039726 0.074136
0.042466 0.072193
0.045205 0.070246
0.047945 0.068755
0.050685 0.066210
0.053425 0.065380
0.056164 0.064372
0.058904 0.062939
0.061644 0.061605
0.064384 0.060726
0.067123 0.058611
0.069863 0.057372
0.072603 0.056291
0.075342 0.054321
0.078082 0.053114
0.080822 0.051842
0.083562 0.050460
0.086301 0.049139
0.089041 0.049016
0.091781 0.047261
0.094521 0.047379
0.097260 0.046774
0.100000 0.046550
0.102740 0.045757
0.105479 0.047092
0.108219 0.046516
0.110959 0.048136
0.113699 0.050437
0.116438 0.054548
0.119178 0.061390
0.121918 0.072302
0.124658 0.085116
0.127397 0.099763
0.130137 0.114923
0.132877 0.127013
0.135616 0.139039
0.138356 0.147855
0.141096 0.157880
0.143836 0.165212
0.146575 0.176557
0.149315 0.183827
0.152055 0.196123
0.154795 0.203755
0.157534 0.216395
0.160274 0.223614
0.163014 0.234857
0.165753 0.241026
0.168493 0.248893
0.171233 0.253223
0.173973 0.258702
0.176712 0.261441
0.179452 0.265770
0.182192 0.269354
0.184932 0.272863
0.187671 0.277908
0.190411 0.281486
0.193151 0.286575
0.195890 0.290542
0.198630 0.294763
0.201370 0.298354
0.204110 0.301050
0.206849 0.303297
0.209589 0.304238
0.212329 0.304460
0.215068 0.303734
0.217808 0.302479
0.220548 0.299840
0.223288 0.298313
0.226027 0.294457
0.228767 0.293063
0.231507 0.289494
0.234247 0.288453
0.236986 0.285335
0.239726 0.285577
0.242466 0.282251
0.245205 0.284490
0.247945 0.280990
0.250685 0.285122
0.253425 0.281479
0.256164 0.287193
0.258904 0.283231
0.261644 0.290535
0.264384 0.286386
0.267123 0.294829
0.269863 0.290249
0.272603 0.298362
0.275342 0.293152
0.278082 0.300116
0.280822 0.294552
0.283562 0.299721
0.286301 0.291848
0.289041 0.291533
0.291781 0.279762
0.294521 0.275547
0.297260 0.268716
0.300000 0.268634
0.302740 0.265551
0.305479 0.262833
0.308219 0.256947
0.310959 0.252777
0.313699 0.248884
0.316438 0.245611
0.319178 0.243702
0.321918 0.242321
0.324658 0.240981
0.327397 0.239620
0.330137 0.236916
0.332877 0.234288
0.335616 0.231133
0.338356 0.227606
0.341096 0.223964
0.343836 0.220960
0.346575 0.216203
0.349315 0.214749
0.352055 0.209959
0.354795 0.210093
0.357534 0.205881
0.360274 0.207613
0.363014 0.202670
0.365753 0.206281
0.368493 0.199857
0.371233 0.204903
0.373973 0.197252
0.376712 0.203555
0.379452 0.194356
0.382192 0.201939
0.384932 0.191372
0.387671 0.198589
0.390411 0.188852
0.393151 0.193040
0.395890 0.186087
0.398630 0.185962
0.401370 0.181700
0.404110 0.177744
0.406849 0.175422
0.409589 0.168971
0.412329 0.167571
0.415068 0.160500
0.417808 0.158679
0.420548 0.152021
0.423288 0.149511
0.426027 0.142784
0.428767 0.139893
0.431507 0.132292
0.434247 0.129439
0.436986 0.121042
0.439726 0.118836
0.442466 0.110581
0.445205 0.109352
0.447945 0.101758
0.450685 0.101500
0.453425 0.094651
0.456164 0.094632
0.458904 0.088602
0.461644 0.088323
0.464384 0.082474
0.467123 0.081972
0.469863 0.075961
0.472603 0.074753
0.475342 0.068705
0.478082 0.066593
0.480822 0.060005
0.483562 0.057403
0.486301 0.049998
0.489041 0.046875
0.491781 0.038891
0.494521 0.035094
0.497260 0.026565
0.500000 0.022517
0.502740 0.013217
0.505479 0.009026
0.508219 -0.000898
0.510959 -0.005186
0.513699 -0.015793
0.516438 -0.020007
0.519178 -0.031150
0.521918 -0.035127
0.524658 -0.046814
0.527397 -0.050668
0.530137 -0.062231
0.532877 -0.066053
0.535616 -0.077373
0.538356 -0.081029
0.541096 -0.091960
0.543836 -0.095118
0.546575 -0.106492
0.549315 -0.109444
0.552055 -0.123344
0.554795 -0.127404
0.557534 -0.137170
0.560274 -0.135830
0.563014 -0.138352
0.565753 -0.136033
0.568493 -0.136837
0.571233 -0.137258
0.573973 -0.140410
0.576712 -0.141957
0.579452 -0.146791
0.582192 -0.148349
0.584932 -0.152283
0.587671 -0.153376
0.590411 -0.154717
0.593151 -0.154315
0.595890 -0.155116
0.598630 -0.154848
0.601370 -0.155595
0.604110 -0.155577
0.606849 -0.156795
0.609589 -0.156288
0.612329 -0.157990
0.615068 -0.156452
0.617808 -0.158287
0.620548 -0.155679
0.623288 -0.157383
0.626027 -0.154400
0.628767 -0.154947
0.631507 -0.152359
0.634247 -0.152128
0.636986 -0.150673
0.639726 -0.151358
0.642466 -0.150372
0.645205 -0.151307
0.647945 -0.148468
0.650685 -0.146994
0.653425 -0.141378
0.656164 -0.137184
0.658904 -0.129700
0.661644 -0.124479
0.664384 -0.116200
0.667123 -0.111167
0.669863 -0.102647
0.672603 -0.098494
0.675342 -0.090531
0.678082 -0.086984
0.680822 -0.081123
0.683562 -0.078629
0.686301 -0.075631
0.689041 -0.076113
0.691781 -0.076163
0.694521 -0.079622
0.697260 -0.081599
0.700000 -0.085387
0.702740 -0.087006
0.705479 -0.089717
0.708219 -0.090540
0.710959 -0.093339
0.713699 -0.095186
0.716438 -0.098172
0.719178 -0.100311
0.721918 -0.101467
0.724658 -0.100190
0.727397 -0.097986
0.730137 -0.093356
0.732877 -0.088495
0.735616 -0.083184
0.738356 -0.077543
0.741096 -0.071141
0.743836 -0.065995
0.746575 -0.059350
0.749315 -0.053120
0.752055 -0.047890
0.754795 -0.042201
0.757534 -0.036712
0.760274 -0.033955
0.763014 -0.030059
0.765753 -0.029109
0.768493 -0.028959
0.771233 -0.030921
0.773973 -0.034110
0.776712 -0.039825
0.779452 -0.046680
0.782192 -0.055993
0.784932 -0.066375
0.787671 -0.080314
0.790411 -0.095405
0.793151 -0.110902
0.795890 -0.127080
0.798630 -0.145759
0.801370 -0.163317
0.804110 -0.181738
0.806849 -0.197553
0.809589 -0.212978
0.812329 -0.224173
0.815068 -0.238819
0.817808 -0.242785
0.820548 -0.255177
0.823288 -0.254676
0.826027 -0.261004
0.828767 -0.261881
0.831507 -0.263178
0.834247 -0.264562
0.836986 -0.266796
0.839726 -0.269399
0.842466 -0.271964
0.845205 -0.270484
0.847945 -0.272167
0.850685 -0.273657
0.853425 -0.274473
0.856164 -0.273832
0.858904 -0.274369
0.861644 -0.276281
0.864384 -0.282257
0.867123 -0.287934
0.869863 -0.295974
0.872603 -0.303152
0.875342 -0.310122
0.878082 -0.315421
0.880822 -0.320909
0.883562 -0.324857
0.886301 -0.328662
0.889041 -0.332478
0.891781 -0.335767
0.894521 -0.338859
0.897260 -0.342555
0.900000 -0.344559
0.902740 -0.347554
0.905479 -0.348996
0.908219 -0.351206
0.910959 -0.352757
0.913699 -0.355165
0.916438 -0.356378
0.919178 -0.359327
0.921918 -0.361331
0.924658 -0.364538
0.927397 -0.366333
0.930137 -0.370751
0.932877 -0.372963
0.935616 -0.376724
0.938356 -0.380744
0.941096 -0.387563
0.943836 -0.399129
0.946575 -0.421706
0.949315 -0.453177
0.952055 -0.485234
0.954795 -0.493268
0.957534 -0.456884
0.960274 -0.379436
0.963014 -0.318369
0.965753 -0.285615
0.968493 -0.254348
0.971233 -0.207255
0.973973 -0.167643
0.976712 -0.125128
0.979452 -0.083390
0.982192 -0.056752
0.984932 -0.037726
0.987671 -0.021202
0.990411 -0.016867
0.993151 -0.054185
0.995890 -0.042966
0.998630 -0.000228
