title="d2z6      Re=86000     iterations=135001 "
 zone t="d2z6"variables=X,v/U
0.001370 0.000000
0.004110 0.010670
0.006849 0.045629
0.009589 0.064480
0.012329 0.075425
0.015068 0.080184
0.017808 0.081088
0.020548 0.081787
0.023288 0.081359
0.026027 0.079877
0.028767 0.079486
0.031507 0.078861
0.034247 0.077814
0.036986 0.077848
0.039726 0.077694
0.042466 0.077236
0.045205 0.077727
0.047945 0.077939
0.050685 0.077969
0.053425 0.078821
0.056164 0.079344
0.058904 0.079785
0.061644 0.080996
0.064384 0.081802
0.067123 0.082653
0.069863 0.084202
0.072603 0.085272
0.075342 0.086486
0.078082 0.088376
0.080822 0.089601
0.083562 0.091091
0.086301 0.093312
0.089041 0.094583
0.091781 0.096049
0.094521 0.098560
0.097260 0.099863
0.100000 0.100957
0.102740 0.103391
0.105479 0.104771
0.108219 0.105328
0.110959 0.107235
0.113699 0.108501
0.116438 0.108578
0.119178 0.109710
0.121918 0.110657
0.124658 0.110341
0.127397 0.110806
0.130137 0.111408
0.132877 0.110938
0.135616 0.111078
0.138356 0.111628
0.141096 0.111365
0.143836 0.111667
0.146575 0.112527
0.149315 0.112798
0.152055 0.113561
0.154795 0.114898
0.157534 0.115731
0.160274 0.116960
0.163014 0.118675
0.165753 0.119914
0.168493 0.121457
0.171233 0.123397
0.173973 0.124849
0.176712 0.126544
0.179452 0.128507
0.182192 0.129973
0.184932 0.131564
0.187671 0.133344
0.190411 0.134550
0.193151 0.135804
0.195890 0.137172
0.198630 0.137989
0.201370 0.138779
0.204110 0.139742
0.206849 0.140212
0.209589 0.140697
0.212329 0.141414
0.215068 0.141733
0.217808 0.142034
0.220548 0.142583
0.223288 0.142709
0.226027 0.142732
0.228767 0.142941
0.231507 0.142737
0.234247 0.142360
0.236986 0.142180
0.239726 0.141643
0.242466 0.140931
0.245205 0.140395
0.247945 0.139598
0.250685 0.138608
0.253425 0.137766
0.256164 0.136706
0.258904 0.135470
0.261644 0.134336
0.264384 0.133042
0.267123 0.131495
0.269863 0.130028
0.272603 0.128346
0.275342 0.126367
0.278082 0.124429
0.280822 0.122234
0.283562 0.119737
0.286301 0.117294
0.289041 0.114563
0.291781 0.111610
0.294521 0.108666
0.297260 0.105513
0.300000 0.102168
0.302740 0.098859
0.305479 0.095363
0.308219 0.091755
0.310959 0.088164
0.313699 0.084467
0.316438 0.080662
0.319178 0.076904
0.321918 0.073084
0.324658 0.069223
0.327397 0.065368
0.330137 0.061518
0.332877 0.057706
0.335616 0.053897
0.338356 0.050107
0.341096 0.046466
0.343836 0.042812
0.346575 0.039211
0.349315 0.035841
0.352055 0.032488
0.354795 0.029181
0.357534 0.026216
0.360274 0.023249
0.363014 0.020395
0.365753 0.017871
0.368493 0.015436
0.371233 0.013083
0.373973 0.011160
0.376712 0.009226
0.379452 0.007549
0.382192 0.006174
0.384932 0.004942
0.387671 0.003821
0.390411 0.003189
0.393151 0.002468
0.395890 0.002111
0.398630 0.001977
0.401370 0.002057
0.404110 0.002134
0.406849 0.002769
0.409589 0.003200
0.412329 0.004030
0.415068 0.004904
0.417808 0.006037
0.420548 0.006974
0.423288 0.008460
0.426027 0.009587
0.428767 0.010997
0.431507 0.012330
0.434247 0.013769
0.436986 0.014914
0.439726 0.016349
0.442466 0.017420
0.445205 0.018485
0.447945 0.019454
0.450685 0.020277
0.453425 0.020819
0.456164 0.021417
0.458904 0.021689
0.461644 0.021757
0.464384 0.021837
0.467123 0.021576
0.469863 0.021202
0.472603 0.020725
0.475342 0.020126
0.478082 0.019246
0.480822 0.018577
0.483562 0.017594
0.486301 0.016665
0.489041 0.015930
0.491781 0.014884
0.494521 0.014489
0.497260 0.013564
0.500000 0.013539
0.502740 0.012810
0.505479 0.012945
0.508219 0.012453
0.510959 0.012198
0.513699 0.011700
0.516438 0.011370
0.519178 0.011106
0.521918 0.011407
0.524658 0.012201
0.527397 0.013796
0.530137 0.015826
0.532877 0.018450
0.535616 0.021531
0.538356 0.025166
0.541096 0.028517
0.543836 0.033233
0.546575 0.038318
0.549315 0.041332
0.552055 0.042008
0.554795 0.042068
0.557534 0.040546
0.560274 0.036673
0.563014 0.029538
0.565753 0.019181
0.568493 0.005040
0.571233 -0.010121
0.573973 -0.030992
0.576712 -0.048922
0.579452 -0.074342
0.582192 -0.092416
0.584932 -0.118050
0.587671 -0.136277
0.590411 -0.157516
0.593151 -0.174083
0.595890 -0.189862
0.598630 -0.201047
0.601370 -0.209569
0.604110 -0.213689
0.606849 -0.214122
0.609589 -0.213036
0.612329 -0.210564
0.615068 -0.208389
0.617808 -0.207627
0.620548 -0.204845
0.623288 -0.205219
0.626027 -0.201207
0.628767 -0.202062
0.631507 -0.197551
0.634247 -0.198621
0.636986 -0.194994
0.639726 -0.195421
0.642466 -0.192991
0.645205 -0.192854
0.647945 -0.191550
0.650685 -0.191951
0.653425 -0.191893
0.656164 -0.191169
0.658904 -0.188718
0.661644 -0.185295
0.664384 -0.182017
0.667123 -0.179955
0.669863 -0.178804
0.672603 -0.178331
0.675342 -0.178194
0.678082 -0.178262
0.680822 -0.178333
0.683562 -0.179091
0.686301 -0.179613
0.689041 -0.180932
0.691781 -0.182136
0.694521 -0.183856
0.697260 -0.185407
0.700000 -0.187869
0.702740 -0.189982
0.705479 -0.193311
0.708219 -0.196847
0.710959 -0.201336
0.713699 -0.205913
0.716438 -0.211498
0.719178 -0.216237
0.721918 -0.221297
0.724658 -0.225413
0.727397 -0.228960
0.730137 -0.231155
0.732877 -0.233111
0.735616 -0.233870
0.738356 -0.235329
0.741096 -0.237033
0.743836 -0.238975
0.746575 -0.240073
0.749315 -0.240791
0.752055 -0.239325
0.754795 -0.236633
0.757534 -0.231725
0.760274 -0.224390
0.763014 -0.213969
0.765753 -0.201279
0.768493 -0.184880
0.771233 -0.166018
0.773973 -0.144459
0.776712 -0.120743
0.779452 -0.094868
0.782192 -0.068391
0.784932 -0.040486
0.787671 -0.012620
0.790411 0.014679
0.793151 0.041267
0.795890 0.066410
0.798630 0.089394
0.801370 0.110408
0.804110 0.128169
0.806849 0.143705
0.809589 0.155916
0.812329 0.165404
0.815068 0.171997
0.817808 0.177257
0.820548 0.179975
0.823288 0.182364
0.826027 0.183991
0.828767 0.185352
0.831507 0.186197
0.834247 0.187717
0.836986 0.188692
0.839726 0.190263
0.842466 0.190865
0.845205 0.191203
0.847945 0.191413
0.850685 0.192182
0.853425 0.191901
0.856164 0.192760
0.858904 0.193511
0.861644 0.193407
0.864384 0.191222
0.867123 0.187779
0.869863 0.181051
0.872603 0.174198
0.875342 0.163434
0.878082 0.152083
0.880822 0.132780
0.883562 0.115628
0.886301 0.076231
0.889041 0.061820
0.891781 -0.009947
0.894521 -0.002951
0.897260 -0.065353
0.900000 -0.040490
0.902740 -0.096449
0.905479 -0.096725
0.908219 -0.139271
0.910959 -0.151051
0.913699 -0.174537
0.916438 -0.184377
0.919178 -0.195207
0.921918 -0.198506
0.924658 -0.201682
0.927397 -0.202647
0.930137 -0.204133
0.932877 -0.203081
0.935616 -0.202617
0.938356 -0.198262
0.941096 -0.193930
0.943836 -0.189808
0.946575 -0.186154
0.949315 -0.182326
0.952055 -0.179723
0.954795 -0.176194
0.957534 -0.172577
0.960274 -0.169711
0.963014 -0.165603
0.965753 -0.161868
0.968493 -0.159431
0.971233 -0.155638
0.973973 -0.152774
0.976712 -0.150864
0.979452 -0.147383
0.982192 -0.144303
0.984932 -0.140707
0.987671 -0.133062
0.990411 -0.116928
0.993151 -0.082160
0.995890 -0.028331
0.998630 -0.000031
