title="d2z6      Re=86000     iterations=300001 "
 zone t="d2z6"variables=X,v/U
0.001370 0.000000
0.004110 0.013604
0.006849 0.068977
0.009589 0.111631
0.012329 0.139380
0.015068 0.151816
0.017808 0.155133
0.020548 0.155285
0.023288 0.152596
0.026027 0.149044
0.028767 0.147383
0.031507 0.146266
0.034247 0.145717
0.036986 0.147134
0.039726 0.148929
0.042466 0.150913
0.045205 0.154265
0.047945 0.157596
0.050685 0.160807
0.053425 0.164468
0.056164 0.167231
0.058904 0.168680
0.061644 0.169981
0.064384 0.170074
0.067123 0.169783
0.069863 0.170372
0.072603 0.170802
0.075342 0.171334
0.078082 0.172691
0.080822 0.173235
0.083562 0.173741
0.086301 0.174465
0.089041 0.174091
0.091781 0.173257
0.094521 0.171942
0.097260 0.168821
0.100000 0.165214
0.102740 0.160539
0.105479 0.154926
0.108219 0.149352
0.110959 0.143834
0.113699 0.138745
0.116438 0.134817
0.119178 0.131623
0.121918 0.129606
0.124658 0.128164
0.127397 0.127137
0.130137 0.126274
0.132877 0.125221
0.135616 0.124149
0.138356 0.123132
0.141096 0.121828
0.143836 0.120579
0.146575 0.119283
0.149315 0.117716
0.152055 0.116134
0.154795 0.114595
0.157534 0.112621
0.160274 0.110695
0.163014 0.108693
0.165753 0.106264
0.168493 0.103621
0.171233 0.100973
0.173973 0.097852
0.176712 0.094795
0.179452 0.091969
0.182192 0.088864
0.184932 0.085983
0.187671 0.083459
0.190411 0.080761
0.193151 0.078598
0.195890 0.077401
0.198630 0.076440
0.201370 0.076634
0.204110 0.078030
0.206849 0.079918
0.209589 0.082701
0.212329 0.086134
0.215068 0.089557
0.217808 0.092864
0.220548 0.096252
0.223288 0.098616
0.226027 0.100612
0.228767 0.101699
0.231507 0.101914
0.234247 0.100799
0.236986 0.099415
0.239726 0.096553
0.242466 0.093759
0.245205 0.090386
0.247945 0.087363
0.250685 0.083502
0.253425 0.080824
0.256164 0.076932
0.258904 0.074012
0.261644 0.070179
0.264384 0.066875
0.267123 0.061516
0.269863 0.057030
0.272603 0.049956
0.275342 0.043992
0.278082 0.036911
0.280822 0.031732
0.283562 0.025656
0.286301 0.022010
0.289041 0.016475
0.291781 0.012375
0.294521 0.006807
0.297260 0.001781
0.300000 -0.003343
0.302740 -0.007520
0.305479 -0.011125
0.308219 -0.012972
0.310959 -0.013753
0.313699 -0.012702
0.316438 -0.009576
0.319178 -0.004416
0.321918 0.002814
0.324658 0.012714
0.327397 0.024483
0.330137 0.038366
0.332877 0.054088
0.335616 0.071386
0.338356 0.089262
0.341096 0.108268
0.343836 0.126827
0.346575 0.145552
0.349315 0.162737
0.352055 0.179405
0.354795 0.193690
0.357534 0.206638
0.360274 0.217206
0.363014 0.225790
0.365753 0.232083
0.368493 0.236492
0.371233 0.238671
0.373973 0.239318
0.376712 0.238101
0.379452 0.235636
0.382192 0.231786
0.384932 0.227164
0.387671 0.221503
0.390411 0.215594
0.393151 0.208845
0.395890 0.202411
0.398630 0.195620
0.401370 0.188344
0.404110 0.181113
0.406849 0.175855
0.409589 0.173424
0.412329 0.174568
0.415068 0.178892
0.417808 0.186441
0.420548 0.196449
0.423288 0.208579
0.426027 0.221700
0.428767 0.235208
0.431507 0.248015
0.434247 0.259297
0.436986 0.268681
0.439726 0.275378
0.442466 0.279529
0.445205 0.280593
0.447945 0.277956
0.450685 0.272287
0.453425 0.265941
0.456164 0.260116
0.458904 0.255336
0.461644 0.251195
0.464384 0.247344
0.467123 0.243810
0.469863 0.240202
0.472603 0.235960
0.475342 0.230754
0.478082 0.224922
0.480822 0.219082
0.483562 0.214515
0.486301 0.211783
0.489041 0.210395
0.491781 0.209758
0.494521 0.208932
0.497260 0.207404
0.500000 0.205454
0.502740 0.203078
0.505479 0.200518
0.508219 0.197976
0.510959 0.195725
0.513699 0.193577
0.516438 0.191889
0.519178 0.190227
0.521918 0.188563
0.524658 0.186722
0.527397 0.184855
0.530137 0.182374
0.532877 0.179895
0.535616 0.176349
0.538356 0.172863
0.541096 0.167745
0.543836 0.163496
0.546575 0.157240
0.549315 0.153035
0.552055 0.146769
0.554795 0.142911
0.557534 0.136997
0.560274 0.132517
0.563014 0.126709
0.565753 0.120678
0.568493 0.115115
0.571233 0.107830
0.573973 0.103274
0.576712 0.095965
0.579452 0.092576
0.582192 0.086203
0.584932 0.082956
0.587671 0.077170
0.590411 0.072927
0.593151 0.066586
0.595890 0.060538
0.598630 0.053290
0.601370 0.044977
0.604110 0.036937
0.606849 0.026875
0.609589 0.017885
0.612329 0.006807
0.615068 -0.002856
0.617808 -0.014872
0.620548 -0.024837
0.623288 -0.037655
0.626027 -0.047682
0.628767 -0.061185
0.631507 -0.071203
0.634247 -0.085266
0.636986 -0.095133
0.639726 -0.109368
0.642466 -0.118804
0.645205 -0.132931
0.647945 -0.140694
0.650685 -0.153092
0.653425 -0.159751
0.656164 -0.169483
0.658904 -0.176764
0.661644 -0.185523
0.664384 -0.193064
0.667123 -0.201192
0.669863 -0.209478
0.672603 -0.216430
0.675342 -0.223101
0.678082 -0.229343
0.680822 -0.234278
0.683562 -0.239034
0.686301 -0.243059
0.689041 -0.246056
0.691781 -0.249001
0.694521 -0.251756
0.697260 -0.253533
0.700000 -0.255993
0.702740 -0.257953
0.705479 -0.259650
0.708219 -0.261379
0.710959 -0.263195
0.713699 -0.263611
0.716438 -0.264979
0.719178 -0.264685
0.721918 -0.264618
0.724658 -0.263445
0.727397 -0.262856
0.730137 -0.260332
0.732877 -0.259337
0.735616 -0.256630
0.738356 -0.254768
0.741096 -0.252211
0.743836 -0.250375
0.746575 -0.247896
0.749315 -0.246110
0.752055 -0.244957
0.754795 -0.242806
0.757534 -0.242961
0.760274 -0.241501
0.763014 -0.241314
0.765753 -0.241245
0.768493 -0.240114
0.771233 -0.240529
0.773973 -0.239307
0.776712 -0.238760
0.779452 -0.238795
0.782192 -0.236156
0.784932 -0.238274
0.787671 -0.233563
0.790411 -0.237202
0.793151 -0.231728
0.795890 -0.235422
0.798630 -0.230939
0.801370 -0.233361
0.804110 -0.230783
0.806849 -0.231894
0.809589 -0.230743
0.812329 -0.231213
0.815068 -0.231088
0.817808 -0.231147
0.820548 -0.231518
0.823288 -0.231802
0.826027 -0.231733
0.828767 -0.232457
0.831507 -0.232381
0.834247 -0.233204
0.836986 -0.233805
0.839726 -0.235224
0.842466 -0.236386
0.845205 -0.238269
0.847945 -0.240027
0.850685 -0.241576
0.853425 -0.243320
0.856164 -0.244665
0.858904 -0.245496
0.861644 -0.246325
0.864384 -0.246770
0.867123 -0.246989
0.869863 -0.247795
0.872603 -0.248004
0.875342 -0.250202
0.878082 -0.250565
0.880822 -0.253928
0.883562 -0.254188
0.886301 -0.255318
0.889041 -0.253859
0.891781 -0.251871
0.894521 -0.247475
0.897260 -0.243541
0.900000 -0.237864
0.902740 -0.233145
0.905479 -0.229705
0.908219 -0.226697
0.910959 -0.228139
0.913699 -0.230784
0.916438 -0.235396
0.919178 -0.243813
0.921918 -0.250532
0.924658 -0.259969
0.927397 -0.265342
0.930137 -0.270714
0.932877 -0.271347
0.935616 -0.270499
0.938356 -0.269449
0.941096 -0.266620
0.943836 -0.261333
0.946575 -0.250339
0.949315 -0.238534
0.952055 -0.229574
0.954795 -0.220325
0.957534 -0.213119
0.960274 -0.208310
0.963014 -0.203628
0.965753 -0.201093
0.968493 -0.198829
0.971233 -0.195478
0.973973 -0.191836
0.976712 -0.190748
0.979452 -0.194229
0.982192 -0.200805
0.984932 -0.199214
0.987671 -0.177233
0.990411 -0.133795
0.993151 -0.082070
0.995890 -0.030759
0.998630 -0.000041
