title="d2z6      Re=86000     iterations=220001 "
 zone t="d2z6"variables=X,v/U
0.001370 0.000000
0.004110 -0.001404
0.006849 -0.005181
0.009589 -0.004356
0.012329 -0.001509
0.015068 -0.000423
0.017808 -0.000554
0.020548 0.000055
0.023288 0.000552
0.026027 0.000774
0.028767 0.002120
0.031507 0.003238
0.034247 0.004463
0.036986 0.007383
0.039726 0.010359
0.042466 0.012690
0.045205 0.015491
0.047945 0.016911
0.050685 0.017390
0.053425 0.019284
0.056164 0.021611
0.058904 0.024935
0.061644 0.031285
0.064384 0.037986
0.067123 0.043436
0.069863 0.046941
0.072603 0.046319
0.075342 0.043319
0.078082 0.040561
0.080822 0.037204
0.083562 0.033588
0.086301 0.030255
0.089041 0.026803
0.091781 0.023250
0.094521 0.021918
0.097260 0.022572
0.100000 0.025490
0.102740 0.031412
0.105479 0.038831
0.108219 0.046247
0.110959 0.055802
0.113699 0.067220
0.116438 0.079598
0.119178 0.093446
0.121918 0.108669
0.124658 0.124797
0.127397 0.142635
0.130137 0.161405
0.132877 0.180983
0.135616 0.201196
0.138356 0.221809
0.141096 0.241959
0.143836 0.261850
0.146575 0.280925
0.149315 0.298838
0.152055 0.315651
0.154795 0.331116
0.157534 0.344689
0.160274 0.356267
0.163014 0.365464
0.165753 0.372453
0.168493 0.378084
0.171233 0.382095
0.173973 0.383960
0.176712 0.384736
0.179452 0.385534
0.182192 0.387067
0.184932 0.389657
0.187671 0.392306
0.190411 0.393691
0.193151 0.393901
0.195890 0.393156
0.198630 0.391792
0.201370 0.390518
0.204110 0.389639
0.206849 0.388458
0.209589 0.386951
0.212329 0.384680
0.215068 0.380987
0.217808 0.376041
0.220548 0.370096
0.223288 0.362913
0.226027 0.355207
0.228767 0.347202
0.231507 0.338664
0.234247 0.330097
0.236986 0.321434
0.239726 0.312319
0.242466 0.303145
0.245205 0.293742
0.247945 0.283878
0.250685 0.273871
0.253425 0.263667
0.256164 0.253080
0.258904 0.242454
0.261644 0.231756
0.264384 0.220897
0.267123 0.210169
0.269863 0.199567
0.272603 0.189023
0.275342 0.178786
0.278082 0.168785
0.280822 0.158923
0.283562 0.149360
0.286301 0.140026
0.289041 0.131065
0.291781 0.123110
0.294521 0.116466
0.297260 0.111169
0.300000 0.107196
0.302740 0.104268
0.305479 0.102192
0.308219 0.101094
0.310959 0.100698
0.313699 0.100919
0.316438 0.101719
0.319178 0.102220
0.321918 0.102007
0.324658 0.101862
0.327397 0.101882
0.330137 0.101657
0.332877 0.101438
0.335616 0.101963
0.338356 0.104217
0.341096 0.108754
0.343836 0.114358
0.346575 0.119570
0.349315 0.124046
0.352055 0.127455
0.354795 0.129004
0.357534 0.128182
0.360274 0.124677
0.363014 0.119622
0.365753 0.114345
0.368493 0.110177
0.371233 0.106852
0.373973 0.105166
0.376712 0.103910
0.379452 0.103691
0.382192 0.102353
0.384932 0.103216
0.387671 0.101684
0.390411 0.104066
0.393151 0.102384
0.395890 0.105860
0.398630 0.102853
0.401370 0.105906
0.404110 0.102712
0.406849 0.104442
0.409589 0.102010
0.412329 0.101869
0.415068 0.099599
0.417808 0.098274
0.420548 0.096207
0.423288 0.094943
0.426027 0.093125
0.428767 0.093547
0.431507 0.092551
0.434247 0.093816
0.436986 0.092258
0.439726 0.093159
0.442466 0.090620
0.445205 0.092162
0.447945 0.089020
0.450685 0.090776
0.453425 0.086600
0.456164 0.087713
0.458904 0.081795
0.461644 0.081488
0.464384 0.074625
0.467123 0.073133
0.469863 0.066139
0.472603 0.064007
0.475342 0.056651
0.478082 0.053320
0.480822 0.046054
0.483562 0.041941
0.486301 0.034753
0.489041 0.030137
0.491781 0.023117
0.494521 0.018102
0.497260 0.011033
0.500000 0.005870
0.502740 -0.000939
0.505479 -0.006191
0.508219 -0.012693
0.510959 -0.017661
0.513699 -0.023607
0.516438 -0.028603
0.519178 -0.033638
0.521918 -0.038610
0.524658 -0.043334
0.527397 -0.047858
0.530137 -0.052802
0.532877 -0.057289
0.535616 -0.061750
0.538356 -0.066565
0.541096 -0.070184
0.543836 -0.074413
0.546575 -0.077359
0.549315 -0.080436
0.552055 -0.082689
0.554795 -0.085360
0.557534 -0.087354
0.560274 -0.089604
0.563014 -0.091986
0.565753 -0.094147
0.568493 -0.096576
0.571233 -0.099057
0.573973 -0.101865
0.576712 -0.103847
0.579452 -0.107631
0.582192 -0.109220
0.584932 -0.113127
0.587671 -0.115185
0.590411 -0.119064
0.593151 -0.120981
0.595890 -0.125661
0.598630 -0.127323
0.601370 -0.132055
0.604110 -0.134653
0.606849 -0.138708
0.609589 -0.142055
0.612329 -0.146247
0.615068 -0.149538
0.617808 -0.154076
0.620548 -0.157577
0.623288 -0.161906
0.626027 -0.165971
0.628767 -0.169911
0.631507 -0.174331
0.634247 -0.178209
0.636986 -0.182489
0.639726 -0.186453
0.642466 -0.190536
0.645205 -0.194341
0.647945 -0.198094
0.650685 -0.201734
0.653425 -0.205031
0.656164 -0.208185
0.658904 -0.211442
0.661644 -0.213812
0.664384 -0.217101
0.667123 -0.219582
0.669863 -0.222430
0.672603 -0.226115
0.675342 -0.229482
0.678082 -0.234072
0.680822 -0.239313
0.683562 -0.244488
0.686301 -0.250712
0.689041 -0.256436
0.691781 -0.261946
0.694521 -0.267479
0.697260 -0.272023
0.700000 -0.276322
0.702740 -0.280295
0.705479 -0.283438
0.708219 -0.286744
0.710959 -0.289896
0.713699 -0.293302
0.716438 -0.296760
0.719178 -0.300457
0.721918 -0.303275
0.724658 -0.305876
0.727397 -0.307244
0.730137 -0.307772
0.732877 -0.306487
0.735616 -0.304428
0.738356 -0.299941
0.741096 -0.294398
0.743836 -0.286714
0.746575 -0.277592
0.749315 -0.266208
0.752055 -0.254278
0.754795 -0.239635
0.757534 -0.224839
0.760274 -0.208566
0.763014 -0.191644
0.765753 -0.174275
0.768493 -0.157289
0.771233 -0.140450
0.773973 -0.124273
0.776712 -0.109114
0.779452 -0.095065
0.782192 -0.081961
0.784932 -0.071842
0.787671 -0.061831
0.790411 -0.054044
0.793151 -0.048053
0.795890 -0.043858
0.798630 -0.040638
0.801370 -0.038138
0.804110 -0.038857
0.806849 -0.038738
0.809589 -0.039075
0.812329 -0.040896
0.815068 -0.043582
0.817808 -0.043490
0.820548 -0.044971
0.823288 -0.044888
0.826027 -0.040949
0.828767 -0.037895
0.831507 -0.036378
0.834247 -0.034219
0.836986 -0.033513
0.839726 -0.034632
0.842466 -0.032975
0.845205 -0.031771
0.847945 -0.032118
0.850685 -0.028484
0.853425 -0.026141
0.856164 -0.024118
0.858904 -0.019659
0.861644 -0.014804
0.864384 -0.014787
0.867123 -0.022124
0.869863 -0.047247
0.872603 -0.073772
0.875342 -0.100957
0.878082 -0.139963
0.880822 -0.188375
0.883562 -0.241560
0.886301 -0.296319
0.889041 -0.348313
0.891781 -0.394359
0.894521 -0.433937
0.897260 -0.468105
0.900000 -0.493402
0.902740 -0.496261
0.905479 -0.487534
0.908219 -0.494951
0.910959 -0.493548
0.913699 -0.477936
0.916438 -0.461325
0.919178 -0.435612
0.921918 -0.400488
0.924658 -0.353796
0.927397 -0.299635
0.930137 -0.241662
0.932877 -0.182677
0.935616 -0.126057
0.938356 -0.073884
0.941096 -0.029606
0.943836 0.003530
0.946575 0.025976
0.949315 0.039638
0.952055 0.049169
0.954795 0.050022
0.957534 0.054407
0.960274 0.064956
0.963014 0.067959
0.965753 0.064104
0.968493 0.051290
0.971233 0.031186
0.973973 0.009873
0.976712 -0.006035
0.979452 -0.013317
0.982192 -0.018245
0.984932 -0.024515
0.987671 -0.027635
0.990411 -0.030223
0.993151 -0.026033
0.995890 -0.009591
0.998630 -0.000036
