title="d2z6      Re=86000     iterations=465001 "
 zone t="d2z6"variables=X,v/U
0.001370 0.000000
0.004110 0.017442
0.006849 0.085935
0.009589 0.134847
0.012329 0.164835
0.015068 0.182080
0.017808 0.189937
0.020548 0.194572
0.023288 0.197111
0.026027 0.197349
0.028767 0.197922
0.031507 0.197961
0.034247 0.196805
0.036986 0.196188
0.039726 0.195336
0.042466 0.193731
0.045205 0.192783
0.047945 0.191792
0.050685 0.190385
0.053425 0.189673
0.056164 0.188831
0.058904 0.187624
0.061644 0.187200
0.064384 0.186543
0.067123 0.185586
0.069863 0.185368
0.072603 0.185055
0.075342 0.184392
0.078082 0.184645
0.080822 0.184670
0.083562 0.184638
0.086301 0.185407
0.089041 0.186219
0.091781 0.186908
0.094521 0.188825
0.097260 0.190768
0.100000 0.193173
0.102740 0.196643
0.105479 0.200488
0.108219 0.204131
0.110959 0.208671
0.113699 0.212354
0.116438 0.215635
0.119178 0.218724
0.121918 0.221584
0.124658 0.224112
0.127397 0.228377
0.130137 0.233216
0.132877 0.239804
0.135616 0.248098
0.138356 0.257642
0.141096 0.267303
0.143836 0.277732
0.146575 0.286476
0.149315 0.293303
0.152055 0.297784
0.154795 0.300211
0.157534 0.299320
0.160274 0.297424
0.163014 0.294096
0.165753 0.290344
0.168493 0.286112
0.171233 0.282839
0.173973 0.278842
0.176712 0.275422
0.179452 0.271919
0.182192 0.268804
0.184932 0.265424
0.187671 0.263372
0.190411 0.261401
0.193151 0.260564
0.195890 0.260002
0.198630 0.260231
0.201370 0.259545
0.204110 0.259654
0.206849 0.258896
0.209589 0.258768
0.212329 0.258325
0.215068 0.258691
0.217808 0.258196
0.220548 0.258486
0.223288 0.257969
0.226027 0.257969
0.228767 0.257655
0.231507 0.258050
0.234247 0.257791
0.236986 0.258062
0.239726 0.257327
0.242466 0.256521
0.245205 0.254618
0.247945 0.252770
0.250685 0.249715
0.253425 0.247156
0.256164 0.243543
0.258904 0.240569
0.261644 0.236562
0.264384 0.233340
0.267123 0.228947
0.269863 0.225298
0.272603 0.220516
0.275342 0.216384
0.278082 0.211420
0.280822 0.207282
0.283562 0.202378
0.286301 0.198450
0.289041 0.194156
0.291781 0.191415
0.294521 0.188616
0.297260 0.186651
0.300000 0.183254
0.302740 0.178166
0.305479 0.169319
0.308219 0.156845
0.310959 0.140557
0.313699 0.123547
0.316438 0.109213
0.319178 0.099667
0.321918 0.093848
0.324658 0.090414
0.327397 0.087636
0.330137 0.085832
0.332877 0.085291
0.335616 0.086882
0.338356 0.089851
0.341096 0.094772
0.343836 0.099759
0.346575 0.105426
0.349315 0.109975
0.352055 0.113839
0.354795 0.115319
0.357534 0.114949
0.360274 0.111704
0.363014 0.107099
0.365753 0.101296
0.368493 0.095709
0.371233 0.089635
0.373973 0.084198
0.376712 0.078823
0.379452 0.075461
0.382192 0.073510
0.384932 0.074123
0.387671 0.075446
0.390411 0.078561
0.393151 0.081415
0.395890 0.085357
0.398630 0.087987
0.401370 0.091057
0.404110 0.091825
0.406849 0.092377
0.409589 0.090522
0.412329 0.088706
0.415068 0.085079
0.417808 0.082572
0.420548 0.078965
0.423288 0.076724
0.426027 0.073544
0.428767 0.071421
0.431507 0.068353
0.434247 0.066559
0.436986 0.063749
0.439726 0.061974
0.442466 0.059147
0.445205 0.057039
0.447945 0.054051
0.450685 0.052025
0.453425 0.049249
0.456164 0.047222
0.458904 0.044354
0.461644 0.041925
0.464384 0.038452
0.467123 0.035530
0.469863 0.031450
0.472603 0.028087
0.475342 0.023972
0.478082 0.021272
0.480822 0.018181
0.483562 0.018793
0.486301 0.018104
0.489041 0.025619
0.491781 0.024919
0.494521 0.036221
0.497260 0.030140
0.500000 0.032780
0.502740 0.026428
0.505479 0.018739
0.508219 0.014450
0.510959 -0.002218
0.513699 -0.010049
0.516438 -0.027820
0.519178 -0.039476
0.521918 -0.055053
0.524658 -0.067157
0.527397 -0.077643
0.530137 -0.087470
0.532877 -0.092133
0.535616 -0.098135
0.538356 -0.098571
0.541096 -0.101159
0.543836 -0.099460
0.546575 -0.099803
0.549315 -0.097435
0.552055 -0.097170
0.554795 -0.095480
0.557534 -0.095177
0.560274 -0.094536
0.563014 -0.094336
0.565753 -0.094147
0.568493 -0.094393
0.571233 -0.094551
0.573973 -0.095045
0.576712 -0.095404
0.579452 -0.095600
0.582192 -0.095258
0.584932 -0.095057
0.587671 -0.094237
0.590411 -0.094021
0.593151 -0.093463
0.595890 -0.093498
0.598630 -0.092796
0.601370 -0.093049
0.604110 -0.092414
0.606849 -0.092323
0.609589 -0.091755
0.612329 -0.090595
0.615068 -0.088123
0.617808 -0.084412
0.620548 -0.078881
0.623288 -0.072334
0.626027 -0.065968
0.628767 -0.059547
0.631507 -0.054683
0.634247 -0.050850
0.636986 -0.048198
0.639726 -0.046241
0.642466 -0.044508
0.645205 -0.042670
0.647945 -0.041115
0.650685 -0.040240
0.653425 -0.038565
0.656164 -0.038422
0.658904 -0.036763
0.661644 -0.036213
0.664384 -0.035091
0.667123 -0.034412
0.669863 -0.033357
0.672603 -0.032215
0.675342 -0.031194
0.678082 -0.029245
0.680822 -0.028624
0.683562 -0.026365
0.686301 -0.025858
0.689041 -0.024233
0.691781 -0.025171
0.694521 -0.024587
0.697260 -0.027886
0.700000 -0.028252
0.702740 -0.032268
0.705479 -0.032892
0.708219 -0.037904
0.710959 -0.039287
0.713699 -0.046506
0.716438 -0.049911
0.719178 -0.058682
0.721918 -0.063782
0.724658 -0.073738
0.727397 -0.080424
0.730137 -0.091642
0.732877 -0.100777
0.735616 -0.113231
0.738356 -0.124552
0.741096 -0.137701
0.743836 -0.150243
0.746575 -0.162790
0.749315 -0.175417
0.752055 -0.186417
0.754795 -0.197595
0.757534 -0.206285
0.760274 -0.215685
0.763014 -0.221657
0.765753 -0.229054
0.768493 -0.233515
0.771233 -0.239644
0.773973 -0.243852
0.776712 -0.250171
0.779452 -0.255305
0.782192 -0.262093
0.784932 -0.268183
0.787671 -0.275112
0.790411 -0.281324
0.793151 -0.288272
0.795890 -0.294256
0.798630 -0.300808
0.801370 -0.306457
0.804110 -0.312324
0.806849 -0.317431
0.809589 -0.322836
0.812329 -0.327491
0.815068 -0.332135
0.817808 -0.336456
0.820548 -0.340108
0.823288 -0.343144
0.826027 -0.345595
0.828767 -0.346962
0.831507 -0.347545
0.834247 -0.347899
0.836986 -0.347022
0.839726 -0.346067
0.842466 -0.344513
0.845205 -0.342408
0.847945 -0.340175
0.850685 -0.337369
0.853425 -0.334226
0.856164 -0.331120
0.858904 -0.327397
0.861644 -0.323532
0.864384 -0.319939
0.867123 -0.315396
0.869863 -0.311509
0.872603 -0.307523
0.875342 -0.302827
0.878082 -0.298796
0.880822 -0.295002
0.883562 -0.290363
0.886301 -0.286730
0.889041 -0.282864
0.891781 -0.279000
0.894521 -0.275409
0.897260 -0.272277
0.900000 -0.268483
0.902740 -0.265791
0.905479 -0.262954
0.908219 -0.259699
0.910959 -0.257634
0.913699 -0.255461
0.916438 -0.252403
0.919178 -0.251573
0.921918 -0.249123
0.924658 -0.247990
0.927397 -0.246532
0.930137 -0.246321
0.932877 -0.244332
0.935616 -0.244774
0.938356 -0.242832
0.941096 -0.241856
0.943836 -0.240443
0.946575 -0.236951
0.949315 -0.233576
0.952055 -0.230175
0.954795 -0.225293
0.957534 -0.221040
0.960274 -0.216502
0.963014 -0.210869
0.965753 -0.206535
0.968493 -0.202995
0.971233 -0.199664
0.973973 -0.198555
0.976712 -0.198061
0.979452 -0.197029
0.982192 -0.196578
0.984932 -0.194874
0.987671 -0.189257
0.990411 -0.174833
0.993151 -0.132199
0.995890 -0.052027
0.998630 -0.000011
