title="d2z6      Re=86000     iterations=215001 "
 zone t="d2z6"variables=X,v/U
0.001370 0.000000
0.004110 0.005214
0.006849 0.024898
0.009589 0.038137
0.012329 0.044692
0.015068 0.044600
0.017808 0.042728
0.020548 0.042061
0.023288 0.040685
0.026027 0.039382
0.028767 0.040069
0.031507 0.040560
0.034247 0.041413
0.036986 0.043653
0.039726 0.045391
0.042466 0.045834
0.045205 0.047083
0.047945 0.047455
0.050685 0.047069
0.053425 0.047508
0.056164 0.047935
0.058904 0.047604
0.061644 0.048279
0.064384 0.048992
0.067123 0.049041
0.069863 0.050012
0.072603 0.051377
0.075342 0.052410
0.078082 0.054823
0.080822 0.057875
0.083562 0.060338
0.086301 0.062966
0.089041 0.064708
0.091781 0.064895
0.094521 0.065495
0.097260 0.066682
0.100000 0.068767
0.102740 0.074186
0.105479 0.084387
0.108219 0.098679
0.110959 0.115975
0.113699 0.132027
0.116438 0.143457
0.119178 0.150514
0.121918 0.154214
0.124658 0.155681
0.127397 0.156634
0.130137 0.157519
0.132877 0.158069
0.135616 0.159062
0.138356 0.160326
0.141096 0.160935
0.143836 0.161512
0.146575 0.161817
0.149315 0.161382
0.152055 0.161354
0.154795 0.161895
0.157534 0.162431
0.160274 0.163963
0.163014 0.166030
0.165753 0.167908
0.168493 0.170407
0.171233 0.173320
0.173973 0.175773
0.176712 0.178852
0.179452 0.182158
0.182192 0.185040
0.184932 0.188146
0.187671 0.191667
0.190411 0.194483
0.193151 0.197498
0.195890 0.200717
0.198630 0.203407
0.201370 0.205884
0.204110 0.208774
0.206849 0.210904
0.209589 0.213024
0.212329 0.215139
0.215068 0.217029
0.217808 0.218375
0.220548 0.220173
0.223288 0.221367
0.226027 0.222438
0.228767 0.223519
0.231507 0.224436
0.234247 0.224940
0.236986 0.225769
0.239726 0.226200
0.242466 0.226750
0.245205 0.227137
0.247945 0.227906
0.250685 0.228075
0.253425 0.228890
0.256164 0.228839
0.258904 0.229077
0.261644 0.228121
0.264384 0.227543
0.267123 0.225333
0.269863 0.223979
0.272603 0.221196
0.275342 0.219546
0.278082 0.216493
0.280822 0.214941
0.283562 0.211614
0.286301 0.210054
0.289041 0.206835
0.291781 0.205335
0.294521 0.202350
0.297260 0.201177
0.300000 0.198485
0.302740 0.197480
0.305479 0.195289
0.308219 0.194305
0.310959 0.192481
0.313699 0.191656
0.316438 0.190083
0.319178 0.189317
0.321918 0.188142
0.324658 0.187390
0.327397 0.186469
0.330137 0.185930
0.332877 0.185154
0.335616 0.184713
0.338356 0.184182
0.341096 0.183756
0.343836 0.183252
0.346575 0.182922
0.349315 0.182337
0.352055 0.181900
0.354795 0.181302
0.357534 0.180735
0.360274 0.179944
0.363014 0.179318
0.365753 0.178330
0.368493 0.177400
0.371233 0.176251
0.373973 0.175068
0.376712 0.173604
0.379452 0.172348
0.382192 0.170987
0.384932 0.170019
0.387671 0.169416
0.390411 0.169068
0.393151 0.168494
0.395890 0.167496
0.398630 0.165617
0.401370 0.162774
0.404110 0.159044
0.406849 0.154707
0.409589 0.150263
0.412329 0.146939
0.415068 0.144480
0.417808 0.143249
0.420548 0.141427
0.423288 0.140919
0.426027 0.139150
0.428767 0.140124
0.431507 0.139044
0.434247 0.140616
0.436986 0.138707
0.439726 0.138837
0.442466 0.135249
0.445205 0.133787
0.447945 0.130089
0.450685 0.128245
0.453425 0.124572
0.456164 0.122451
0.458904 0.118994
0.461644 0.117742
0.464384 0.114665
0.467123 0.113885
0.469863 0.110114
0.472603 0.109011
0.475342 0.104072
0.478082 0.101772
0.480822 0.094856
0.483562 0.090072
0.486301 0.080600
0.489041 0.073210
0.491781 0.062074
0.494521 0.052985
0.497260 0.040569
0.500000 0.030204
0.502740 0.017348
0.505479 0.005951
0.508219 -0.006947
0.510959 -0.018402
0.513699 -0.031129
0.516438 -0.042248
0.519178 -0.054013
0.521918 -0.064569
0.524658 -0.075170
0.527397 -0.084424
0.530137 -0.093606
0.532877 -0.101057
0.535616 -0.108036
0.538356 -0.113188
0.541096 -0.117549
0.543836 -0.120359
0.546575 -0.123087
0.549315 -0.125183
0.552055 -0.128100
0.554795 -0.130703
0.557534 -0.133612
0.560274 -0.135849
0.563014 -0.138191
0.565753 -0.139469
0.568493 -0.140878
0.571233 -0.141657
0.573973 -0.142490
0.576712 -0.142801
0.579452 -0.143537
0.582192 -0.143626
0.584932 -0.144043
0.587671 -0.144195
0.590411 -0.144588
0.593151 -0.144576
0.595890 -0.145004
0.598630 -0.145003
0.601370 -0.145407
0.604110 -0.145464
0.606849 -0.145786
0.609589 -0.145948
0.612329 -0.146376
0.615068 -0.146391
0.617808 -0.147020
0.620548 -0.147187
0.623288 -0.147618
0.626027 -0.148080
0.628767 -0.148646
0.631507 -0.148861
0.634247 -0.149789
0.636986 -0.150099
0.639726 -0.150678
0.642466 -0.151398
0.645205 -0.152050
0.647945 -0.152307
0.650685 -0.153353
0.653425 -0.153692
0.656164 -0.154166
0.658904 -0.154864
0.661644 -0.155459
0.664384 -0.155427
0.667123 -0.156335
0.669863 -0.156518
0.672603 -0.156567
0.675342 -0.156938
0.678082 -0.157274
0.680822 -0.156716
0.683562 -0.157179
0.686301 -0.157037
0.689041 -0.156288
0.691781 -0.156307
0.694521 -0.156256
0.697260 -0.154815
0.700000 -0.154888
0.702740 -0.154213
0.705479 -0.152962
0.708219 -0.152376
0.710959 -0.151564
0.713699 -0.150032
0.716438 -0.149425
0.719178 -0.147886
0.721918 -0.146572
0.724658 -0.145372
0.727397 -0.143808
0.730137 -0.141949
0.732877 -0.140767
0.735616 -0.138614
0.738356 -0.136659
0.741096 -0.134947
0.743836 -0.132668
0.746575 -0.130063
0.749315 -0.128338
0.752055 -0.125096
0.754795 -0.122934
0.757534 -0.120169
0.760274 -0.117524
0.763014 -0.114231
0.765753 -0.112283
0.768493 -0.108653
0.771233 -0.105945
0.773973 -0.103193
0.776712 -0.099763
0.779452 -0.096154
0.782192 -0.093150
0.784932 -0.088955
0.787671 -0.085204
0.790411 -0.082333
0.793151 -0.078489
0.795890 -0.074685
0.798630 -0.071414
0.801370 -0.066112
0.804110 -0.061162
0.806849 -0.057246
0.809589 -0.053252
0.812329 -0.050948
0.815068 -0.050492
0.817808 -0.050527
0.820548 -0.053022
0.823288 -0.057032
0.826027 -0.063009
0.828767 -0.071832
0.831507 -0.082257
0.834247 -0.093816
0.836986 -0.108014
0.839726 -0.122575
0.842466 -0.137763
0.845205 -0.153216
0.847945 -0.168203
0.850685 -0.181273
0.853425 -0.194187
0.856164 -0.204383
0.858904 -0.213105
0.861644 -0.220126
0.864384 -0.225447
0.867123 -0.227719
0.869863 -0.231159
0.872603 -0.230680
0.875342 -0.230636
0.878082 -0.230151
0.880822 -0.228191
0.883562 -0.225864
0.886301 -0.224728
0.889041 -0.220846
0.891781 -0.219441
0.894521 -0.215778
0.897260 -0.213725
0.900000 -0.211295
0.902740 -0.208018
0.905479 -0.209026
0.908219 -0.203311
0.910959 -0.206629
0.913699 -0.201344
0.916438 -0.204097
0.919178 -0.200442
0.921918 -0.203688
0.924658 -0.200506
0.927397 -0.202983
0.930137 -0.202180
0.932877 -0.203327
0.935616 -0.203895
0.938356 -0.206126
0.941096 -0.205559
0.943836 -0.207713
0.946575 -0.210262
0.949315 -0.210871
0.952055 -0.215010
0.954795 -0.219997
0.957534 -0.226110
0.960274 -0.241656
0.963014 -0.266164
0.965753 -0.303145
0.968493 -0.342717
0.971233 -0.359417
0.973973 -0.349963
0.976712 -0.320556
0.979452 -0.265365
0.982192 -0.190674
0.984932 -0.111647
0.987671 -0.039056
0.990411 0.012475
0.993151 0.042102
0.995890 0.044958
0.998630 -0.000126
