title="d2z6      Re=86000     iterations=255001 "
 zone t="d2z6"variables=X,v/U
0.001370 0.000000
0.004110 0.012340
0.006849 0.054702
0.009589 0.079649
0.012329 0.091645
0.015068 0.094449
0.017808 0.093741
0.020548 0.093273
0.023288 0.091461
0.026027 0.088674
0.028767 0.087245
0.031507 0.084765
0.034247 0.081720
0.036986 0.080046
0.039726 0.078339
0.042466 0.075380
0.045205 0.074811
0.047945 0.072758
0.050685 0.071050
0.053425 0.069969
0.056164 0.069534
0.058904 0.068414
0.061644 0.069742
0.064384 0.071828
0.067123 0.074173
0.069863 0.079108
0.072603 0.084348
0.075342 0.089390
0.078082 0.095609
0.080822 0.101257
0.083562 0.106076
0.086301 0.111377
0.089041 0.116102
0.091781 0.119874
0.094521 0.123947
0.097260 0.127375
0.100000 0.129646
0.102740 0.132033
0.105479 0.133750
0.108219 0.134345
0.110959 0.135305
0.113699 0.135963
0.116438 0.135923
0.119178 0.136650
0.121918 0.137477
0.124658 0.137811
0.127397 0.138954
0.130137 0.140254
0.132877 0.140930
0.135616 0.142168
0.138356 0.143540
0.141096 0.143930
0.143836 0.144940
0.146575 0.145518
0.149315 0.145656
0.152055 0.145433
0.154795 0.145678
0.157534 0.144576
0.160274 0.144012
0.163014 0.143057
0.165753 0.141956
0.168493 0.140339
0.171233 0.139657
0.173973 0.137991
0.176712 0.136858
0.179452 0.136159
0.182192 0.135413
0.184932 0.134954
0.187671 0.135952
0.190411 0.137014
0.193151 0.139382
0.195890 0.143195
0.198630 0.147270
0.201370 0.151877
0.204110 0.156636
0.206849 0.160761
0.209589 0.164626
0.212329 0.168607
0.215068 0.172203
0.217808 0.175398
0.220548 0.178559
0.223288 0.180801
0.226027 0.182455
0.228767 0.183585
0.231507 0.184064
0.234247 0.183621
0.236986 0.183129
0.239726 0.181666
0.242466 0.179842
0.245205 0.177715
0.247945 0.175146
0.250685 0.172164
0.253425 0.169351
0.256164 0.166293
0.258904 0.163222
0.261644 0.160671
0.264384 0.158154
0.267123 0.155994
0.269863 0.154364
0.272603 0.153019
0.275342 0.151924
0.278082 0.151394
0.280822 0.151141
0.283562 0.151068
0.286301 0.151598
0.289041 0.152284
0.291781 0.153108
0.294521 0.154300
0.297260 0.155435
0.300000 0.156342
0.302740 0.157311
0.305479 0.157952
0.308219 0.158540
0.310959 0.159448
0.313699 0.160871
0.316438 0.162960
0.319178 0.166216
0.321918 0.170192
0.324658 0.175021
0.327397 0.180342
0.330137 0.186118
0.332877 0.191816
0.335616 0.197309
0.338356 0.201506
0.341096 0.203826
0.343836 0.203885
0.346575 0.201964
0.349315 0.198420
0.352055 0.194555
0.354795 0.190561
0.357534 0.186803
0.360274 0.183392
0.363014 0.180081
0.365753 0.176851
0.368493 0.173928
0.371233 0.170992
0.373973 0.168294
0.376712 0.165663
0.379452 0.163189
0.382192 0.160675
0.384932 0.158169
0.387671 0.155210
0.390411 0.151575
0.393151 0.146888
0.395890 0.141199
0.398630 0.134502
0.401370 0.127464
0.404110 0.120435
0.406849 0.114122
0.409589 0.108547
0.412329 0.104270
0.415068 0.101094
0.417808 0.099043
0.420548 0.097609
0.423288 0.096503
0.426027 0.094932
0.428767 0.092477
0.431507 0.088345
0.434247 0.082085
0.436986 0.074686
0.439726 0.067675
0.442466 0.061148
0.445205 0.055549
0.447945 0.050906
0.450685 0.046761
0.453425 0.042867
0.456164 0.039703
0.458904 0.036486
0.461644 0.033663
0.464384 0.031021
0.467123 0.028570
0.469863 0.025916
0.472603 0.023840
0.475342 0.021327
0.478082 0.019607
0.480822 0.017970
0.483562 0.016904
0.486301 0.015979
0.489041 0.015963
0.491781 0.015163
0.494521 0.016179
0.497260 0.014561
0.500000 0.017152
0.502740 0.013916
0.505479 0.017559
0.508219 0.013655
0.510959 0.016448
0.513699 0.012862
0.516438 0.013762
0.519178 0.010752
0.521918 0.009678
0.524658 0.007180
0.527397 0.005169
0.530137 0.002573
0.532877 0.000497
0.535616 -0.002010
0.538356 -0.004316
0.541096 -0.006541
0.543836 -0.008751
0.546575 -0.011106
0.549315 -0.013077
0.552055 -0.015282
0.554795 -0.017548
0.557534 -0.019272
0.560274 -0.021779
0.563014 -0.023408
0.565753 -0.025800
0.568493 -0.027396
0.571233 -0.029922
0.573973 -0.031199
0.576712 -0.033893
0.579452 -0.035202
0.582192 -0.037675
0.584932 -0.039293
0.587671 -0.041756
0.590411 -0.043496
0.593151 -0.046122
0.595890 -0.048174
0.598630 -0.050760
0.601370 -0.053074
0.604110 -0.055822
0.606849 -0.058111
0.609589 -0.061008
0.612329 -0.063510
0.615068 -0.066193
0.617808 -0.068861
0.620548 -0.071630
0.623288 -0.074071
0.626027 -0.077163
0.628767 -0.079965
0.631507 -0.082822
0.634247 -0.085973
0.636986 -0.089449
0.639726 -0.092481
0.642466 -0.095898
0.645205 -0.099581
0.647945 -0.102892
0.650685 -0.106290
0.653425 -0.110004
0.656164 -0.113230
0.658904 -0.116324
0.661644 -0.119613
0.664384 -0.122487
0.667123 -0.124715
0.669863 -0.127228
0.672603 -0.129271
0.675342 -0.130557
0.678082 -0.132120
0.680822 -0.133195
0.683562 -0.134019
0.686301 -0.134710
0.689041 -0.134750
0.691781 -0.133689
0.694521 -0.131351
0.697260 -0.127330
0.700000 -0.122825
0.702740 -0.117169
0.705479 -0.111377
0.708219 -0.106157
0.710959 -0.100959
0.713699 -0.096586
0.716438 -0.093428
0.719178 -0.090878
0.721918 -0.088588
0.724658 -0.087971
0.727397 -0.086380
0.730137 -0.086262
0.732877 -0.085771
0.735616 -0.085212
0.738356 -0.084279
0.741096 -0.084447
0.743836 -0.082020
0.746575 -0.080265
0.749315 -0.078377
0.752055 -0.075825
0.754795 -0.074412
0.757534 -0.074550
0.760274 -0.073909
0.763014 -0.074234
0.765753 -0.074492
0.768493 -0.070217
0.771233 -0.055654
0.773973 -0.037520
0.776712 -0.020460
0.779452 -0.006084
0.782192 0.007070
0.784932 0.019707
0.787671 0.032378
0.790411 0.041292
0.793151 0.049007
0.795890 0.051418
0.798630 0.048681
0.801370 0.040667
0.804110 0.029889
0.806849 0.020238
0.809589 0.018410
0.812329 0.022228
0.815068 0.026398
0.817808 0.029148
0.820548 0.033237
0.823288 0.037819
0.826027 0.037993
0.828767 0.026150
0.831507 0.011418
0.834247 -0.010585
0.836986 -0.034188
0.839726 -0.068175
0.842466 -0.101372
0.845205 -0.144104
0.847945 -0.182531
0.850685 -0.226223
0.853425 -0.262871
0.856164 -0.299877
0.858904 -0.329371
0.861644 -0.353903
0.864384 -0.371269
0.867123 -0.383247
0.869863 -0.389131
0.872603 -0.394962
0.875342 -0.396035
0.878082 -0.399951
0.880822 -0.397856
0.883562 -0.397752
0.886301 -0.389402
0.889041 -0.378332
0.891781 -0.364915
0.894521 -0.355172
0.897260 -0.344623
0.900000 -0.336567
0.902740 -0.328958
0.905479 -0.322806
0.908219 -0.317737
0.910959 -0.315513
0.913699 -0.311690
0.916438 -0.306531
0.919178 -0.301102
0.921918 -0.292686
0.924658 -0.283444
0.927397 -0.276816
0.930137 -0.269613
0.932877 -0.260536
0.935616 -0.254571
0.938356 -0.245077
0.941096 -0.233063
0.943836 -0.228845
0.946575 -0.228331
0.949315 -0.226708
0.952055 -0.231560
0.954795 -0.235136
0.957534 -0.231162
0.960274 -0.228568
0.963014 -0.229513
0.965753 -0.230893
0.968493 -0.251283
0.971233 -0.295549
0.973973 -0.344597
0.976712 -0.387162
0.979452 -0.413364
0.982192 -0.407662
0.984932 -0.351526
0.987671 -0.258885
0.990411 -0.156818
0.993151 -0.066846
0.995890 0.007013
0.998630 0.000262
