title="d2z6      Re=86000     iterations=440001 "
 zone t="d2z6"variables=X,v/U
0.001370 0.000000
0.004110 0.014174
0.006849 0.071567
0.009589 0.117946
0.012329 0.151116
0.015068 0.168176
0.017808 0.175777
0.020548 0.178108
0.023288 0.179847
0.026027 0.178176
0.028767 0.179227
0.031507 0.179265
0.034247 0.179854
0.036986 0.181276
0.039726 0.184078
0.042466 0.185808
0.045205 0.189157
0.047945 0.192301
0.050685 0.194919
0.053425 0.198063
0.056164 0.201478
0.058904 0.203711
0.061644 0.205986
0.064384 0.207188
0.067123 0.206790
0.069863 0.205763
0.072603 0.204534
0.075342 0.202594
0.078082 0.201487
0.080822 0.200881
0.083562 0.200346
0.086301 0.200445
0.089041 0.201049
0.091781 0.201283
0.094521 0.201944
0.097260 0.202674
0.100000 0.203003
0.102740 0.203320
0.105479 0.203667
0.108219 0.203435
0.110959 0.203277
0.113699 0.203121
0.116438 0.202813
0.119178 0.202640
0.121918 0.202846
0.124658 0.203008
0.127397 0.203490
0.130137 0.204218
0.132877 0.205153
0.135616 0.205936
0.138356 0.206983
0.141096 0.207575
0.143836 0.207865
0.146575 0.207578
0.149315 0.207288
0.152055 0.205922
0.154795 0.205115
0.157534 0.203598
0.160274 0.202360
0.163014 0.200782
0.165753 0.199829
0.168493 0.198159
0.171233 0.197298
0.173973 0.196183
0.176712 0.195252
0.179452 0.194399
0.182192 0.193862
0.184932 0.192837
0.187671 0.192281
0.190411 0.191172
0.193151 0.190041
0.195890 0.188483
0.198630 0.186983
0.201370 0.184752
0.204110 0.182968
0.206849 0.180571
0.209589 0.178480
0.212329 0.176092
0.215068 0.173973
0.217808 0.171236
0.220548 0.168915
0.223288 0.165569
0.226027 0.162006
0.228767 0.156250
0.231507 0.149801
0.234247 0.142928
0.236986 0.140013
0.239726 0.142886
0.242466 0.153223
0.245205 0.164639
0.247945 0.173109
0.250685 0.175788
0.253425 0.176243
0.256164 0.174116
0.258904 0.173472
0.261644 0.172180
0.264384 0.173020
0.267123 0.172791
0.269863 0.173460
0.272603 0.172802
0.275342 0.174884
0.278082 0.177554
0.280822 0.181910
0.283562 0.186082
0.286301 0.189943
0.289041 0.191368
0.291781 0.192822
0.294521 0.192406
0.297260 0.192823
0.300000 0.192220
0.302740 0.192890
0.305479 0.192103
0.308219 0.192064
0.310959 0.191368
0.313699 0.190980
0.316438 0.190144
0.319178 0.190238
0.321918 0.189641
0.324658 0.189833
0.327397 0.189350
0.330137 0.189736
0.332877 0.189537
0.335616 0.189916
0.338356 0.189829
0.341096 0.190429
0.343836 0.190084
0.346575 0.190170
0.349315 0.189733
0.352055 0.189186
0.354795 0.188155
0.357534 0.187151
0.360274 0.185686
0.363014 0.184192
0.365753 0.182158
0.368493 0.180364
0.371233 0.178101
0.373973 0.175443
0.376712 0.173205
0.379452 0.170327
0.382192 0.167390
0.384932 0.164815
0.387671 0.161858
0.390411 0.159048
0.393151 0.156430
0.395890 0.153972
0.398630 0.150836
0.401370 0.148910
0.404110 0.145334
0.406849 0.143246
0.409589 0.139395
0.412329 0.137224
0.415068 0.132781
0.417808 0.130870
0.420548 0.126047
0.423288 0.124077
0.426027 0.119301
0.428767 0.117265
0.431507 0.112168
0.434247 0.110452
0.436986 0.104942
0.439726 0.103188
0.442466 0.097740
0.445205 0.095917
0.447945 0.090229
0.450685 0.088894
0.453425 0.082900
0.456164 0.081796
0.458904 0.075887
0.461644 0.074946
0.464384 0.068930
0.467123 0.068341
0.469863 0.062249
0.472603 0.061755
0.475342 0.055949
0.478082 0.055467
0.480822 0.049804
0.483562 0.049417
0.486301 0.044056
0.489041 0.043547
0.491781 0.038553
0.494521 0.038001
0.497260 0.033251
0.500000 0.032644
0.502740 0.028312
0.505479 0.027406
0.508219 0.023405
0.510959 0.022617
0.513699 0.018545
0.516438 0.017924
0.519178 0.014159
0.521918 0.013378
0.524658 0.009755
0.527397 0.009257
0.530137 0.005516
0.532877 0.005085
0.535616 0.001847
0.538356 0.001018
0.541096 -0.001815
0.543836 -0.002639
0.546575 -0.005228
0.549315 -0.006286
0.552055 -0.008223
0.554795 -0.009832
0.557534 -0.011032
0.560274 -0.013164
0.563014 -0.013601
0.565753 -0.016598
0.568493 -0.015658
0.571233 -0.020215
0.573973 -0.017546
0.576712 -0.023639
0.579452 -0.019365
0.582192 -0.027426
0.584932 -0.020594
0.587671 -0.031568
0.590411 -0.021900
0.593151 -0.035514
0.595890 -0.023305
0.598630 -0.039708
0.601370 -0.024680
0.604110 -0.043388
0.606849 -0.026563
0.609589 -0.045923
0.612329 -0.029296
0.615068 -0.047407
0.617808 -0.032419
0.620548 -0.048215
0.623288 -0.036142
0.626027 -0.048547
0.628767 -0.040551
0.631507 -0.049421
0.634247 -0.044534
0.636986 -0.051263
0.639726 -0.048168
0.642466 -0.052930
0.645205 -0.051753
0.647945 -0.054401
0.650685 -0.054655
0.653425 -0.056968
0.656164 -0.058590
0.658904 -0.061138
0.661644 -0.065063
0.664384 -0.067907
0.667123 -0.073243
0.669863 -0.077766
0.672603 -0.084105
0.675342 -0.090001
0.678082 -0.097278
0.680822 -0.105090
0.683562 -0.111315
0.686301 -0.121396
0.689041 -0.126700
0.691781 -0.137120
0.694521 -0.141370
0.697260 -0.152196
0.700000 -0.153981
0.702740 -0.164165
0.705479 -0.165563
0.708219 -0.173351
0.710959 -0.174990
0.713699 -0.181519
0.716438 -0.184053
0.719178 -0.187483
0.721918 -0.192070
0.724658 -0.193387
0.727397 -0.198887
0.730137 -0.198459
0.732877 -0.205295
0.735616 -0.204444
0.738356 -0.211562
0.741096 -0.211611
0.743836 -0.217766
0.746575 -0.218589
0.749315 -0.224599
0.752055 -0.226539
0.754795 -0.232341
0.757534 -0.235652
0.760274 -0.239914
0.763014 -0.242287
0.765753 -0.245712
0.768493 -0.245294
0.771233 -0.246385
0.773973 -0.244728
0.776712 -0.244336
0.779452 -0.241455
0.782192 -0.241949
0.784932 -0.237932
0.787671 -0.237705
0.790411 -0.234256
0.793151 -0.233221
0.795890 -0.229166
0.798630 -0.228730
0.801370 -0.224717
0.804110 -0.223279
0.806849 -0.220657
0.809589 -0.219173
0.812329 -0.216298
0.815068 -0.215924
0.817808 -0.213844
0.820548 -0.212960
0.823288 -0.212770
0.826027 -0.212038
0.828767 -0.212046
0.831507 -0.212858
0.834247 -0.213252
0.836986 -0.213434
0.839726 -0.215889
0.842466 -0.216256
0.845205 -0.218149
0.847945 -0.219848
0.850685 -0.222550
0.853425 -0.223814
0.856164 -0.227085
0.858904 -0.229144
0.861644 -0.231917
0.864384 -0.234399
0.867123 -0.238006
0.869863 -0.239610
0.872603 -0.242784
0.875342 -0.245990
0.878082 -0.248456
0.880822 -0.250320
0.883562 -0.253679
0.886301 -0.256148
0.889041 -0.257498
0.891781 -0.259740
0.894521 -0.262940
0.897260 -0.263074
0.900000 -0.264348
0.902740 -0.267131
0.905479 -0.267315
0.908219 -0.267244
0.910959 -0.268542
0.913699 -0.268374
0.916438 -0.266285
0.919178 -0.266018
0.921918 -0.262520
0.924658 -0.257746
0.927397 -0.253219
0.930137 -0.245286
0.932877 -0.233476
0.935616 -0.227982
0.938356 -0.238181
0.941096 -0.261026
0.943836 -0.299490
0.946575 -0.345630
0.949315 -0.395243
0.952055 -0.432017
0.954795 -0.454442
0.957534 -0.458094
0.960274 -0.447074
0.963014 -0.428171
0.965753 -0.406842
0.968493 -0.385834
0.971233 -0.372369
0.973973 -0.361361
0.976712 -0.358430
0.979452 -0.350058
0.982192 -0.345213
0.984932 -0.333590
0.987671 -0.308846
0.990411 -0.263060
0.993151 -0.184328
0.995890 -0.071342
0.998630 -0.000062
