title="d2z6      Re=86000     iterations=290001 "
 zone t="d2z6"variables=X,v/U
0.001370 0.000000
0.004110 -0.007781
0.006849 -0.016997
0.009589 -0.007512
0.012329 -0.002800
0.015068 -0.003190
0.017808 -0.002017
0.020548 0.002105
0.023288 0.003591
0.026027 0.003501
0.028767 0.004116
0.031507 0.003803
0.034247 0.001469
0.036986 0.000926
0.039726 0.000305
0.042466 -0.000532
0.045205 0.000153
0.047945 0.001429
0.050685 0.002801
0.053425 0.005536
0.056164 0.009320
0.058904 0.012965
0.061644 0.017108
0.064384 0.021507
0.067123 0.025388
0.069863 0.029830
0.072603 0.034856
0.075342 0.039705
0.078082 0.045151
0.080822 0.051066
0.083562 0.057123
0.086301 0.063537
0.089041 0.070617
0.091781 0.077760
0.094521 0.085348
0.097260 0.093362
0.100000 0.101663
0.102740 0.110040
0.105479 0.118943
0.108219 0.127848
0.110959 0.136812
0.113699 0.145940
0.116438 0.155084
0.119178 0.163876
0.121918 0.172809
0.124658 0.181385
0.127397 0.189569
0.130137 0.197612
0.132877 0.205266
0.135616 0.212294
0.138356 0.219351
0.141096 0.225702
0.143836 0.231715
0.146575 0.237702
0.149315 0.243108
0.152055 0.248166
0.154795 0.253295
0.157534 0.257448
0.160274 0.261310
0.163014 0.264726
0.165753 0.267058
0.168493 0.268773
0.171233 0.270176
0.173973 0.270569
0.176712 0.270924
0.179452 0.271173
0.182192 0.271074
0.184932 0.270939
0.187671 0.270971
0.190411 0.270426
0.193151 0.270129
0.195890 0.269683
0.198630 0.268918
0.201370 0.268125
0.204110 0.267401
0.206849 0.266017
0.209589 0.264789
0.212329 0.263243
0.215068 0.261263
0.217808 0.259137
0.220548 0.257052
0.223288 0.254572
0.226027 0.252667
0.228767 0.251090
0.231507 0.249962
0.234247 0.249317
0.236986 0.248915
0.239726 0.247659
0.242466 0.245550
0.245205 0.241827
0.247945 0.236819
0.250685 0.231345
0.253425 0.226532
0.256164 0.222465
0.258904 0.219691
0.261644 0.217518
0.264384 0.215837
0.267123 0.214075
0.269863 0.212259
0.272603 0.209311
0.275342 0.205320
0.278082 0.199693
0.280822 0.192832
0.283562 0.184829
0.286301 0.177120
0.289041 0.169790
0.291781 0.164076
0.294521 0.159970
0.297260 0.157700
0.300000 0.156683
0.302740 0.157395
0.305479 0.158257
0.308219 0.159563
0.310959 0.160621
0.313699 0.161628
0.316438 0.162152
0.319178 0.163272
0.321918 0.163650
0.324658 0.164738
0.327397 0.164929
0.330137 0.166417
0.332877 0.166040
0.335616 0.167982
0.338356 0.167457
0.341096 0.169417
0.343836 0.168909
0.346575 0.171033
0.349315 0.170459
0.352055 0.172500
0.354795 0.172468
0.357534 0.173879
0.360274 0.174482
0.363014 0.175565
0.365753 0.176382
0.368493 0.177214
0.371233 0.178400
0.373973 0.178992
0.376712 0.180374
0.379452 0.181500
0.382192 0.183006
0.384932 0.184957
0.387671 0.187197
0.390411 0.189739
0.393151 0.192793
0.395890 0.195635
0.398630 0.199195
0.401370 0.201770
0.404110 0.205802
0.406849 0.207812
0.409589 0.211889
0.412329 0.213255
0.415068 0.216682
0.417808 0.216760
0.420548 0.218895
0.423288 0.217342
0.426027 0.217222
0.428767 0.213863
0.431507 0.210845
0.434247 0.205195
0.436986 0.199016
0.439726 0.190872
0.442466 0.181670
0.445205 0.171203
0.447945 0.159730
0.450685 0.147231
0.453425 0.134737
0.456164 0.121151
0.458904 0.108926
0.461644 0.096231
0.464384 0.085815
0.467123 0.075945
0.469863 0.069011
0.472603 0.062776
0.475342 0.059251
0.478082 0.056263
0.480822 0.054768
0.483562 0.053379
0.486301 0.053043
0.489041 0.051844
0.491781 0.051389
0.494521 0.048721
0.497260 0.048876
0.500000 0.040658
0.502740 0.047211
0.505479 0.038355
0.508219 0.046394
0.510959 0.033455
0.513699 0.034533
0.516438 0.035023
0.519178 0.035569
0.521918 0.036869
0.524658 0.035283
0.527397 0.031827
0.530137 0.028015
0.532877 0.022025
0.535616 0.016611
0.538356 0.013542
0.541096 0.012107
0.543836 0.011436
0.546575 0.011016
0.549315 0.010586
0.552055 0.009715
0.554795 0.008597
0.557534 0.006225
0.560274 0.004678
0.563014 0.002278
0.565753 -0.000039
0.568493 -0.002635
0.571233 -0.004960
0.573973 -0.007936
0.576712 -0.010278
0.579452 -0.013160
0.582192 -0.015802
0.584932 -0.018627
0.587671 -0.020993
0.590411 -0.024290
0.593151 -0.026378
0.595890 -0.029621
0.598630 -0.032203
0.601370 -0.035130
0.604110 -0.037816
0.606849 -0.041226
0.609589 -0.043515
0.612329 -0.047219
0.615068 -0.049829
0.617808 -0.053252
0.620548 -0.056007
0.623288 -0.059766
0.626027 -0.062150
0.628767 -0.066262
0.631507 -0.068909
0.634247 -0.072622
0.636986 -0.075560
0.639726 -0.079396
0.642466 -0.082143
0.645205 -0.086298
0.647945 -0.089100
0.650685 -0.092789
0.653425 -0.096140
0.656164 -0.099741
0.658904 -0.102858
0.661644 -0.106769
0.664384 -0.109661
0.667123 -0.113435
0.669863 -0.116825
0.672603 -0.120140
0.675342 -0.123337
0.678082 -0.127182
0.680822 -0.130049
0.683562 -0.133517
0.686301 -0.136994
0.689041 -0.139943
0.691781 -0.143330
0.694521 -0.146525
0.697260 -0.149735
0.700000 -0.152504
0.702740 -0.156144
0.705479 -0.158538
0.708219 -0.161929
0.710959 -0.164647
0.713699 -0.167529
0.716438 -0.170204
0.719178 -0.172967
0.721918 -0.175599
0.724658 -0.177812
0.727397 -0.180680
0.730137 -0.182415
0.732877 -0.185185
0.735616 -0.186691
0.738356 -0.189093
0.741096 -0.190549
0.743836 -0.192652
0.746575 -0.193831
0.749315 -0.195572
0.752055 -0.196954
0.754795 -0.197945
0.757534 -0.199406
0.760274 -0.200327
0.763014 -0.201326
0.765753 -0.202361
0.768493 -0.203344
0.771233 -0.204099
0.773973 -0.205306
0.776712 -0.206495
0.779452 -0.207118
0.782192 -0.209349
0.784932 -0.209875
0.787671 -0.212007
0.790411 -0.213135
0.793151 -0.215416
0.795890 -0.215795
0.798630 -0.219020
0.801370 -0.219333
0.804110 -0.221976
0.806849 -0.223177
0.809589 -0.225819
0.812329 -0.226444
0.815068 -0.229372
0.817808 -0.229898
0.820548 -0.231491
0.823288 -0.232007
0.826027 -0.232778
0.828767 -0.232267
0.831507 -0.232352
0.834247 -0.231781
0.836986 -0.231244
0.839726 -0.230871
0.842466 -0.230562
0.845205 -0.230796
0.847945 -0.230444
0.850685 -0.231021
0.853425 -0.231612
0.856164 -0.231844
0.858904 -0.231764
0.861644 -0.233234
0.864384 -0.233061
0.867123 -0.232452
0.869863 -0.232869
0.872603 -0.233194
0.875342 -0.231836
0.878082 -0.231777
0.880822 -0.232391
0.883562 -0.231141
0.886301 -0.229631
0.889041 -0.230178
0.891781 -0.228634
0.894521 -0.225112
0.897260 -0.223692
0.900000 -0.221936
0.902740 -0.217347
0.905479 -0.211903
0.908219 -0.207809
0.910959 -0.199809
0.913699 -0.191387
0.916438 -0.185539
0.919178 -0.187142
0.921918 -0.198008
0.924658 -0.218736
0.927397 -0.246257
0.930137 -0.281371
0.932877 -0.320118
0.935616 -0.357921
0.938356 -0.384731
0.941096 -0.398928
0.943836 -0.406502
0.946575 -0.408452
0.949315 -0.403024
0.952055 -0.392784
0.954795 -0.379231
0.957534 -0.364076
0.960274 -0.352769
0.963014 -0.348104
0.965753 -0.349806
0.968493 -0.355016
0.971233 -0.357631
0.973973 -0.352585
0.976712 -0.337573
0.979452 -0.309710
0.982192 -0.278157
0.984932 -0.247710
0.987671 -0.212675
0.990411 -0.166833
0.993151 -0.103616
0.995890 -0.035486
0.998630 0.000065
