title="d2z6      Re=86000     iterations=330001 "
 zone t="d2z6"variables=X,v/U
0.001370 0.000000
0.004110 0.013458
0.006849 0.081145
0.009589 0.141291
0.012329 0.178779
0.015068 0.197637
0.017808 0.206911
0.020548 0.214616
0.023288 0.220684
0.026027 0.225935
0.028767 0.233100
0.031507 0.240712
0.034247 0.247708
0.036986 0.254250
0.039726 0.258294
0.042466 0.259347
0.045205 0.259438
0.047945 0.258141
0.050685 0.255494
0.053425 0.252944
0.056164 0.249762
0.058904 0.245528
0.061644 0.241795
0.064384 0.238002
0.067123 0.233919
0.069863 0.230786
0.072603 0.227999
0.075342 0.224915
0.078082 0.222520
0.080822 0.220101
0.083562 0.217359
0.086301 0.215726
0.089041 0.215169
0.091781 0.215363
0.094521 0.216601
0.097260 0.217517
0.100000 0.217009
0.102740 0.215537
0.105479 0.212898
0.108219 0.209311
0.110959 0.206409
0.113699 0.204359
0.116438 0.203535
0.119178 0.203664
0.121918 0.204136
0.124658 0.203843
0.127397 0.205040
0.130137 0.205701
0.132877 0.206763
0.135616 0.207746
0.138356 0.209783
0.141096 0.209885
0.143836 0.211470
0.146575 0.212194
0.149315 0.212895
0.152055 0.212790
0.154795 0.213807
0.157534 0.213255
0.160274 0.212646
0.163014 0.212253
0.165753 0.210620
0.168493 0.208547
0.171233 0.206494
0.173973 0.203852
0.176712 0.200645
0.179452 0.198050
0.182192 0.195312
0.184932 0.192276
0.187671 0.190099
0.190411 0.187858
0.193151 0.185505
0.195890 0.183710
0.198630 0.182017
0.201370 0.180140
0.204110 0.178623
0.206849 0.177317
0.209589 0.175764
0.212329 0.174497
0.215068 0.173438
0.217808 0.172157
0.220548 0.171099
0.223288 0.170221
0.226027 0.169169
0.228767 0.168285
0.231507 0.167576
0.234247 0.166695
0.236986 0.165985
0.239726 0.165410
0.242466 0.164688
0.245205 0.164127
0.247945 0.163677
0.250685 0.163100
0.253425 0.162662
0.256164 0.162345
0.258904 0.161866
0.261644 0.161577
0.264384 0.161327
0.267123 0.160986
0.269863 0.160771
0.272603 0.160624
0.275342 0.160359
0.278082 0.160231
0.280822 0.160146
0.283562 0.159935
0.286301 0.159900
0.289041 0.159795
0.291781 0.159711
0.294521 0.159605
0.297260 0.159643
0.300000 0.159420
0.302740 0.159512
0.305479 0.159311
0.308219 0.159341
0.310959 0.159112
0.313699 0.159209
0.316438 0.158834
0.319178 0.158958
0.321918 0.158557
0.324658 0.158595
0.327397 0.158135
0.330137 0.158196
0.332877 0.157582
0.335616 0.157624
0.338356 0.156975
0.341096 0.156897
0.343836 0.156200
0.346575 0.156098
0.349315 0.155287
0.352055 0.155118
0.354795 0.154307
0.357534 0.153984
0.360274 0.153127
0.363014 0.152760
0.365753 0.151794
0.368493 0.151324
0.371233 0.150366
0.373973 0.149768
0.376712 0.148731
0.379452 0.148103
0.382192 0.146964
0.384932 0.146215
0.387671 0.145047
0.390411 0.144169
0.393151 0.142871
0.395890 0.141945
0.398630 0.140491
0.401370 0.139406
0.404110 0.137884
0.406849 0.136619
0.409589 0.134912
0.412329 0.133605
0.415068 0.131707
0.417808 0.130245
0.420548 0.128328
0.423288 0.126718
0.426027 0.124684
0.428767 0.123119
0.431507 0.120993
0.434247 0.119423
0.436986 0.117431
0.439726 0.115858
0.442466 0.113976
0.445205 0.112608
0.447945 0.110774
0.450685 0.109515
0.453425 0.107885
0.456164 0.106581
0.458904 0.104963
0.461644 0.103696
0.464384 0.101891
0.467123 0.100377
0.469863 0.098411
0.472603 0.096424
0.475342 0.093934
0.478082 0.091493
0.480822 0.088311
0.483562 0.085143
0.486301 0.081490
0.489041 0.077666
0.491781 0.073445
0.494521 0.069379
0.497260 0.064775
0.500000 0.060281
0.502740 0.055560
0.505479 0.050709
0.508219 0.045491
0.510959 0.040451
0.513699 0.034892
0.516438 0.029459
0.519178 0.023858
0.521918 0.018296
0.524658 0.012504
0.527397 0.006920
0.530137 0.000987
0.532877 -0.004873
0.535616 -0.011000
0.538356 -0.017185
0.541096 -0.023572
0.543836 -0.029822
0.546575 -0.036623
0.549315 -0.042677
0.552055 -0.049224
0.554795 -0.055399
0.557534 -0.061552
0.560274 -0.067263
0.563014 -0.073237
0.565753 -0.078578
0.568493 -0.084243
0.571233 -0.089480
0.573973 -0.094675
0.576712 -0.099804
0.579452 -0.105011
0.582192 -0.109915
0.584932 -0.115050
0.587671 -0.119955
0.590411 -0.124834
0.593151 -0.129688
0.595890 -0.134497
0.598630 -0.138925
0.601370 -0.143519
0.604110 -0.147799
0.606849 -0.151865
0.609589 -0.155787
0.612329 -0.159770
0.615068 -0.163193
0.617808 -0.166970
0.620548 -0.170584
0.623288 -0.174098
0.626027 -0.177725
0.628767 -0.181745
0.631507 -0.185309
0.634247 -0.189516
0.636986 -0.193674
0.639726 -0.197738
0.642466 -0.201891
0.645205 -0.206299
0.647945 -0.209885
0.650685 -0.213892
0.653425 -0.217156
0.656164 -0.220160
0.658904 -0.222666
0.661644 -0.224960
0.664384 -0.226175
0.667123 -0.227858
0.669863 -0.228332
0.672603 -0.228925
0.675342 -0.229064
0.678082 -0.229528
0.680822 -0.228382
0.683562 -0.228840
0.686301 -0.227732
0.689041 -0.226903
0.691781 -0.226018
0.694521 -0.225332
0.697260 -0.223150
0.700000 -0.223032
0.702740 -0.221303
0.705479 -0.220120
0.708219 -0.219161
0.710959 -0.217851
0.713699 -0.216344
0.716438 -0.215413
0.719178 -0.213818
0.721918 -0.212487
0.724658 -0.211757
0.727397 -0.210922
0.730137 -0.210683
0.732877 -0.210723
0.735616 -0.211308
0.738356 -0.211771
0.741096 -0.212456
0.743836 -0.212643
0.746575 -0.212623
0.749315 -0.211500
0.752055 -0.210159
0.754795 -0.208104
0.757534 -0.205965
0.760274 -0.203938
0.763014 -0.202484
0.765753 -0.201053
0.768493 -0.200159
0.771233 -0.199493
0.773973 -0.198417
0.776712 -0.197309
0.779452 -0.195545
0.782192 -0.192692
0.784932 -0.188539
0.787671 -0.183437
0.790411 -0.176773
0.793151 -0.169921
0.795890 -0.163938
0.798630 -0.158982
0.801370 -0.156032
0.804110 -0.155506
0.806849 -0.155566
0.809589 -0.156821
0.812329 -0.158580
0.815068 -0.160013
0.817808 -0.161547
0.820548 -0.163633
0.823288 -0.165389
0.826027 -0.167537
0.828767 -0.170172
0.831507 -0.172683
0.834247 -0.174974
0.836986 -0.177954
0.839726 -0.180207
0.842466 -0.182566
0.845205 -0.185318
0.847945 -0.187394
0.850685 -0.189677
0.853425 -0.192907
0.856164 -0.193090
0.858904 -0.199724
0.861644 -0.195925
0.864384 -0.206777
0.867123 -0.200608
0.869863 -0.212262
0.872603 -0.208816
0.875342 -0.217795
0.878082 -0.219103
0.880822 -0.225234
0.883562 -0.228151
0.886301 -0.230956
0.889041 -0.233684
0.891781 -0.235868
0.894521 -0.239748
0.897260 -0.243311
0.900000 -0.246999
0.902740 -0.250061
0.905479 -0.251849
0.908219 -0.252318
0.910959 -0.250765
0.913699 -0.247217
0.916438 -0.240755
0.919178 -0.233419
0.921918 -0.224645
0.924658 -0.215302
0.927397 -0.207415
0.930137 -0.201737
0.932877 -0.197016
0.935616 -0.194672
0.938356 -0.194522
0.941096 -0.194604
0.943836 -0.196179
0.946575 -0.198343
0.949315 -0.199603
0.952055 -0.201581
0.954795 -0.203101
0.957534 -0.205068
0.960274 -0.206092
0.963014 -0.206839
0.965753 -0.208656
0.968493 -0.211139
0.971233 -0.213664
0.973973 -0.216485
0.976712 -0.217839
0.979452 -0.217754
0.982192 -0.217236
0.984932 -0.216190
0.987671 -0.212118
0.990411 -0.197307
0.993151 -0.152756
0.995890 -0.066588
0.998630 0.000012
