title="d2z6      Re=86000     iterations=5001 "
 zone t="d2z6"variables=X,v/U
0.001370 0.000000
0.004110 -0.000276
0.006849 0.000449
0.009589 0.000598
0.012329 0.001582
0.015068 0.002162
0.017808 0.001967
0.020548 0.002426
0.023288 0.002562
0.026027 0.002112
0.028767 0.002460
0.031507 0.002569
0.034247 0.002116
0.036986 0.002465
0.039726 0.002578
0.042466 0.002127
0.045205 0.002469
0.047945 0.002583
0.050685 0.002132
0.053425 0.002469
0.056164 0.002584
0.058904 0.002132
0.061644 0.002458
0.064384 0.002567
0.067123 0.002112
0.069863 0.002431
0.072603 0.002545
0.075342 0.002096
0.078082 0.002415
0.080822 0.002532
0.083562 0.002090
0.086301 0.002404
0.089041 0.002526
0.091781 0.002088
0.094521 0.002398
0.097260 0.002517
0.100000 0.002080
0.102740 0.002378
0.105479 0.002494
0.108219 0.002057
0.110959 0.002347
0.113699 0.002465
0.116438 0.002038
0.119178 0.002331
0.121918 0.002454
0.124658 0.002036
0.127397 0.002319
0.130137 0.002436
0.132877 0.002015
0.135616 0.002287
0.138356 0.002402
0.141096 0.001988
0.143836 0.002258
0.146575 0.002373
0.149315 0.001969
0.152055 0.002232
0.154795 0.002349
0.157534 0.001950
0.160274 0.002208
0.163014 0.002320
0.165753 0.001925
0.168493 0.002176
0.171233 0.002285
0.173973 0.001898
0.176712 0.002145
0.179452 0.002255
0.182192 0.001877
0.184932 0.002117
0.187671 0.002225
0.190411 0.001851
0.193151 0.002086
0.195890 0.002189
0.198630 0.001823
0.201370 0.002052
0.204110 0.002154
0.206849 0.001797
0.209589 0.002022
0.212329 0.002122
0.215068 0.001770
0.217808 0.001989
0.220548 0.002082
0.223288 0.001737
0.226027 0.001952
0.228767 0.002043
0.231507 0.001708
0.234247 0.001916
0.236986 0.002002
0.239726 0.001670
0.242466 0.001874
0.245205 0.001957
0.247945 0.001637
0.250685 0.001841
0.253425 0.001924
0.256164 0.001612
0.258904 0.001807
0.261644 0.001880
0.264384 0.001570
0.267123 0.001759
0.269863 0.001830
0.272603 0.001532
0.275342 0.001724
0.278082 0.001795
0.280822 0.001506
0.283562 0.001692
0.286301 0.001756
0.289041 0.001471
0.291781 0.001652
0.294521 0.001710
0.297260 0.001431
0.300000 0.001605
0.302740 0.001657
0.305479 0.001382
0.308219 0.001554
0.310959 0.001602
0.313699 0.001338
0.316438 0.001511
0.319178 0.001558
0.321918 0.001303
0.324658 0.001475
0.327397 0.001516
0.330137 0.001267
0.332877 0.001436
0.335616 0.001471
0.338356 0.001228
0.341096 0.001391
0.343836 0.001420
0.346575 0.001180
0.349315 0.001339
0.352055 0.001362
0.354795 0.001129
0.357534 0.001287
0.360274 0.001307
0.363014 0.001079
0.365753 0.001234
0.368493 0.001248
0.371233 0.001028
0.373973 0.001185
0.376712 0.001197
0.379452 0.000984
0.382192 0.001138
0.384932 0.001144
0.387671 0.000934
0.390411 0.001088
0.393151 0.001091
0.395890 0.000891
0.398630 0.001046
0.401370 0.001043
0.404110 0.000843
0.406849 0.000992
0.409589 0.000983
0.412329 0.000788
0.415068 0.000939
0.417808 0.000928
0.420548 0.000738
0.423288 0.000888
0.426027 0.000869
0.428767 0.000681
0.431507 0.000827
0.434247 0.000803
0.436986 0.000620
0.439726 0.000766
0.442466 0.000739
0.445205 0.000562
0.447945 0.000712
0.450685 0.000683
0.453425 0.000511
0.456164 0.000660
0.458904 0.000625
0.461644 0.000456
0.464384 0.000605
0.467123 0.000567
0.469863 0.000404
0.472603 0.000555
0.475342 0.000514
0.478082 0.000352
0.480822 0.000503
0.483562 0.000455
0.486301 0.000294
0.489041 0.000443
0.491781 0.000390
0.494521 0.000232
0.497260 0.000383
0.500000 0.000329
0.502740 0.000177
0.505479 0.000332
0.508219 0.000275
0.510959 0.000123
0.513699 0.000276
0.516438 0.000213
0.519178 0.000063
0.521918 0.000217
0.524658 0.000151
0.527397 0.000004
0.530137 0.000160
0.532877 0.000091
0.535616 -0.000054
0.538356 0.000104
0.541096 0.000032
0.543836 -0.000113
0.546575 0.000047
0.549315 -0.000028
0.552055 -0.000170
0.554795 -0.000007
0.557534 -0.000087
0.560274 -0.000228
0.563014 -0.000066
0.565753 -0.000149
0.568493 -0.000291
0.571233 -0.000126
0.573973 -0.000213
0.576712 -0.000353
0.579452 -0.000188
0.582192 -0.000278
0.584932 -0.000418
0.587671 -0.000249
0.590411 -0.000343
0.593151 -0.000486
0.595890 -0.000319
0.598630 -0.000419
0.601370 -0.000564
0.604110 -0.000392
0.606849 -0.000490
0.609589 -0.000627
0.612329 -0.000448
0.615068 -0.000548
0.617808 -0.000689
0.620548 -0.000511
0.623288 -0.000616
0.626027 -0.000758
0.628767 -0.000577
0.631507 -0.000685
0.634247 -0.000828
0.636986 -0.000645
0.639726 -0.000757
0.642466 -0.000900
0.645205 -0.000712
0.647945 -0.000824
0.650685 -0.000967
0.653425 -0.000777
0.656164 -0.000893
0.658904 -0.001040
0.661644 -0.000847
0.664384 -0.000966
0.667123 -0.001113
0.669863 -0.000914
0.672603 -0.001033
0.675342 -0.001176
0.678082 -0.000972
0.680822 -0.001093
0.683562 -0.001239
0.686301 -0.001034
0.689041 -0.001160
0.691781 -0.001310
0.694521 -0.001101
0.697260 -0.001228
0.700000 -0.001377
0.702740 -0.001164
0.705479 -0.001294
0.708219 -0.001448
0.710959 -0.001234
0.713699 -0.001369
0.716438 -0.001525
0.719178 -0.001305
0.721918 -0.001440
0.724658 -0.001592
0.727397 -0.001365
0.730137 -0.001500
0.732877 -0.001655
0.735616 -0.001429
0.738356 -0.001571
0.741096 -0.001734
0.743836 -0.001504
0.746575 -0.001648
0.749315 -0.001807
0.752055 -0.001567
0.754795 -0.001711
0.757534 -0.001870
0.760274 -0.001631
0.763014 -0.001782
0.765753 -0.001946
0.768493 -0.001701
0.771233 -0.001852
0.773973 -0.002014
0.776712 -0.001763
0.779452 -0.001919
0.782192 -0.002084
0.784932 -0.001830
0.787671 -0.001988
0.790411 -0.002150
0.793151 -0.001888
0.795890 -0.002046
0.798630 -0.002208
0.801370 -0.001943
0.804110 -0.002107
0.806849 -0.002274
0.809589 -0.002006
0.812329 -0.002174
0.815068 -0.002339
0.817808 -0.002063
0.820548 -0.002232
0.823288 -0.002394
0.826027 -0.002114
0.828767 -0.002289
0.831507 -0.002456
0.834247 -0.002177
0.836986 -0.002358
0.839726 -0.002523
0.842466 -0.002236
0.845205 -0.002418
0.847945 -0.002582
0.850685 -0.002292
0.853425 -0.002479
0.856164 -0.002642
0.858904 -0.002346
0.861644 -0.002536
0.864384 -0.002695
0.867123 -0.002397
0.869863 -0.002592
0.872603 -0.002752
0.875342 -0.002447
0.878082 -0.002644
0.880822 -0.002797
0.883562 -0.002485
0.886301 -0.002687
0.889041 -0.002840
0.891781 -0.002531
0.894521 -0.002740
0.897260 -0.002893
0.900000 -0.002579
0.902740 -0.002792
0.905479 -0.002938
0.908219 -0.002618
0.910959 -0.002831
0.913699 -0.002971
0.916438 -0.002646
0.919178 -0.002864
0.921918 -0.003000
0.924658 -0.002675
0.927397 -0.002898
0.930137 -0.003032
0.932877 -0.002706
0.935616 -0.002936
0.938356 -0.003068
0.941096 -0.002739
0.943836 -0.002971
0.946575 -0.003093
0.949315 -0.002758
0.952055 -0.002990
0.954795 -0.003108
0.957534 -0.002771
0.960274 -0.003009
0.963014 -0.003120
0.965753 -0.002779
0.968493 -0.003018
0.971233 -0.003124
0.973973 -0.002787
0.976712 -0.003038
0.979452 -0.003161
0.982192 -0.002883
0.984932 -0.003292
0.987671 -0.003681
0.990411 -0.003632
0.993151 -0.003701
0.995890 -0.002448
0.998630 0.000004
