title="d2z6      Re=86000     iterations=70001 "
 zone t="d2z6"variables=X,v/U
0.001370 0.000000
0.004110 0.001464
0.006849 0.007989
0.009589 0.012887
0.012329 0.017858
0.015068 0.021061
0.017808 0.023231
0.020548 0.025808
0.023288 0.027051
0.026027 0.027613
0.028767 0.028938
0.031507 0.029302
0.034247 0.029193
0.036986 0.030021
0.039726 0.030082
0.042466 0.029734
0.045205 0.030382
0.047945 0.030368
0.050685 0.029944
0.053425 0.030528
0.056164 0.030515
0.058904 0.030071
0.061644 0.030628
0.064384 0.030638
0.067123 0.030189
0.069863 0.030728
0.072603 0.030765
0.075342 0.030317
0.078082 0.030840
0.080822 0.030904
0.083562 0.030458
0.086301 0.030967
0.089041 0.031056
0.091781 0.030615
0.094521 0.031110
0.097260 0.031220
0.100000 0.030786
0.102740 0.031267
0.105479 0.031398
0.108219 0.030972
0.110959 0.031439
0.113699 0.031589
0.116438 0.031173
0.119178 0.031626
0.121918 0.031793
0.124658 0.031388
0.127397 0.031827
0.130137 0.032011
0.132877 0.031618
0.135616 0.032042
0.138356 0.032241
0.141096 0.031861
0.143836 0.032270
0.146575 0.032484
0.149315 0.032116
0.152055 0.032510
0.154795 0.032740
0.157534 0.032384
0.160274 0.032763
0.163014 0.033008
0.165753 0.032663
0.168493 0.033027
0.171233 0.033286
0.173973 0.032952
0.176712 0.033301
0.179452 0.033576
0.182192 0.033252
0.184932 0.033586
0.187671 0.033874
0.190411 0.033561
0.193151 0.033881
0.195890 0.034181
0.198630 0.033877
0.201370 0.034184
0.204110 0.034495
0.206849 0.034201
0.209589 0.034494
0.212329 0.034815
0.215068 0.034531
0.217808 0.034810
0.220548 0.035139
0.223288 0.034866
0.226027 0.035130
0.228767 0.035464
0.231507 0.035202
0.234247 0.035452
0.236986 0.035789
0.239726 0.035538
0.242466 0.035773
0.245205 0.036111
0.247945 0.035871
0.250685 0.036090
0.253425 0.036426
0.256164 0.036197
0.258904 0.036399
0.261644 0.036731
0.264384 0.036512
0.267123 0.036695
0.269863 0.037020
0.272603 0.036810
0.275342 0.036972
0.278082 0.037292
0.280822 0.037084
0.283562 0.037227
0.286301 0.037533
0.289041 0.037330
0.291781 0.037446
0.294521 0.037743
0.297260 0.037535
0.300000 0.037626
0.302740 0.037910
0.305479 0.037685
0.308219 0.037770
0.310959 0.037987
0.313699 0.037835
0.316438 0.037738
0.319178 0.038162
0.321918 0.037619
0.324658 0.038008
0.327397 0.037585
0.330137 0.038083
0.332877 0.036876
0.335616 0.038377
0.338356 0.036367
0.341096 0.038249
0.343836 0.036271
0.346575 0.038320
0.349315 0.035758
0.352055 0.037835
0.354795 0.034805
0.357534 0.035307
0.360274 0.032618
0.363014 0.031594
0.365753 0.028814
0.368493 0.027670
0.371233 0.025141
0.373973 0.023798
0.376712 0.022242
0.379452 0.021099
0.382192 0.019717
0.384932 0.019029
0.387671 0.017287
0.390411 0.015659
0.393151 0.013597
0.395890 0.011108
0.398630 0.008542
0.401370 0.006774
0.404110 0.005005
0.406849 0.004182
0.409589 0.003652
0.412329 0.003454
0.415068 0.003118
0.417808 0.003337
0.420548 0.003154
0.423288 0.003167
0.426027 0.003651
0.428767 0.004419
0.431507 0.005812
0.434247 0.008362
0.436986 0.011650
0.439726 0.016014
0.442466 0.021782
0.445205 0.028676
0.447945 0.036448
0.450685 0.045776
0.453425 0.055535
0.456164 0.066061
0.458904 0.076947
0.461644 0.087929
0.464384 0.098112
0.467123 0.108331
0.469863 0.116957
0.472603 0.124886
0.475342 0.131329
0.478082 0.136966
0.480822 0.140648
0.483562 0.144228
0.486301 0.145993
0.489041 0.147463
0.491781 0.147766
0.494521 0.147790
0.497260 0.146550
0.500000 0.145618
0.502740 0.143645
0.505479 0.141852
0.508219 0.139704
0.510959 0.137613
0.513699 0.135088
0.516438 0.132923
0.519178 0.130266
0.521918 0.127766
0.524658 0.124986
0.527397 0.122052
0.530137 0.118719
0.532877 0.115486
0.535616 0.111761
0.538356 0.108330
0.541096 0.104927
0.543836 0.101848
0.546575 0.098835
0.549315 0.096282
0.552055 0.093435
0.554795 0.090653
0.557534 0.087751
0.560274 0.084677
0.563014 0.081512
0.565753 0.078560
0.568493 0.075427
0.571233 0.072474
0.573973 0.069719
0.576712 0.066818
0.579452 0.063922
0.582192 0.061048
0.584932 0.057607
0.587671 0.054162
0.590411 0.050740
0.593151 0.047322
0.595890 0.044400
0.598630 0.042094
0.601370 0.039969
0.604110 0.038596
0.606849 0.037677
0.609589 0.036993
0.612329 0.036647
0.615068 0.036623
0.617808 0.036339
0.620548 0.036197
0.623288 0.035870
0.626027 0.035276
0.628767 0.034378
0.631507 0.033237
0.634247 0.031453
0.636986 0.029282
0.639726 0.026420
0.642466 0.023138
0.645205 0.019345
0.647945 0.015465
0.650685 0.011379
0.653425 0.007556
0.656164 0.003673
0.658904 0.000324
0.661644 -0.003154
0.664384 -0.005957
0.667123 -0.008862
0.669863 -0.011060
0.672603 -0.013607
0.675342 -0.015014
0.678082 -0.017281
0.680822 -0.018129
0.683562 -0.020020
0.686301 -0.020311
0.689041 -0.022181
0.691781 -0.021852
0.694521 -0.023616
0.697260 -0.023471
0.700000 -0.025334
0.702740 -0.025801
0.705479 -0.028559
0.708219 -0.029857
0.710959 -0.032700
0.713699 -0.034436
0.716438 -0.036646
0.719178 -0.037805
0.721918 -0.038857
0.724658 -0.038842
0.727397 -0.039135
0.730137 -0.037100
0.732877 -0.036293
0.735616 -0.033070
0.738356 -0.031510
0.741096 -0.027796
0.743836 -0.023458
0.746575 -0.017029
0.749315 -0.009869
0.752055 -0.002858
0.754795 0.001976
0.757534 0.005442
0.760274 0.007150
0.763014 0.008517
0.765753 0.008689
0.768493 0.011506
0.771233 0.013710
0.773973 0.018327
0.776712 0.025030
0.779452 0.030019
0.782192 0.030088
0.784932 0.030735
0.787671 0.036022
0.790411 0.041536
0.793151 0.041212
0.795890 0.034619
0.798630 0.025744
0.801370 0.016546
0.804110 0.007808
0.806849 0.000749
0.809589 -0.005352
0.812329 -0.012764
0.815068 -0.018542
0.817808 -0.025237
0.820548 -0.032687
0.823288 -0.039740
0.826027 -0.047114
0.828767 -0.054960
0.831507 -0.063189
0.834247 -0.070966
0.836986 -0.079092
0.839726 -0.086706
0.842466 -0.093610
0.845205 -0.100687
0.847945 -0.108513
0.850685 -0.114608
0.853425 -0.121225
0.856164 -0.128871
0.858904 -0.135398
0.861644 -0.142749
0.864384 -0.150631
0.867123 -0.157899
0.869863 -0.166517
0.872603 -0.174806
0.875342 -0.183828
0.878082 -0.192669
0.880822 -0.202341
0.883562 -0.211930
0.886301 -0.221493
0.889041 -0.231632
0.891781 -0.241315
0.894521 -0.250986
0.897260 -0.260490
0.900000 -0.269471
0.902740 -0.277887
0.905479 -0.285377
0.908219 -0.292387
0.910959 -0.297645
0.913699 -0.302987
0.916438 -0.305693
0.919178 -0.308418
0.921918 -0.308718
0.924658 -0.310296
0.927397 -0.310622
0.930137 -0.311026
0.932877 -0.308226
0.935616 -0.303558
0.938356 -0.294635
0.941096 -0.282727
0.943836 -0.267212
0.946575 -0.248651
0.949315 -0.226465
0.952055 -0.202711
0.954795 -0.176547
0.957534 -0.149626
0.960274 -0.123132
0.963014 -0.097604
0.965753 -0.073102
0.968493 -0.052724
0.971233 -0.034898
0.973973 -0.019713
0.976712 -0.010160
0.979452 -0.004506
0.982192 -0.001796
0.984932 -0.004612
0.987671 -0.006959
0.990411 -0.004136
0.993151 0.006088
0.995890 0.020669
0.998630 0.000071
