title="d2z6      Re=86000     iterations=400001 "
 zone t="d2z6"variables=X,v/U
0.001370 0.000000
0.004110 0.022364
0.006849 0.100559
0.009589 0.138901
0.012329 0.155923
0.015068 0.161743
0.017808 0.162497
0.020548 0.162897
0.023288 0.162798
0.026027 0.161857
0.028767 0.161714
0.031507 0.161036
0.034247 0.160005
0.036986 0.159288
0.039726 0.158307
0.042466 0.156699
0.045205 0.155488
0.047945 0.153617
0.050685 0.151554
0.053425 0.149419
0.056164 0.146980
0.058904 0.144143
0.061644 0.141688
0.064384 0.138653
0.067123 0.135917
0.069863 0.133525
0.072603 0.131169
0.075342 0.129187
0.078082 0.128348
0.080822 0.127359
0.083562 0.127529
0.086301 0.128580
0.089041 0.129933
0.091781 0.132026
0.094521 0.135378
0.097260 0.138335
0.100000 0.142345
0.102740 0.146836
0.105479 0.151353
0.108219 0.155898
0.110959 0.161538
0.113699 0.166280
0.116438 0.171582
0.119178 0.176994
0.121918 0.182368
0.124658 0.187076
0.127397 0.192961
0.130137 0.197547
0.132877 0.202397
0.135616 0.207327
0.138356 0.212333
0.141096 0.215981
0.143836 0.221105
0.146575 0.225444
0.149315 0.229544
0.152055 0.233997
0.154795 0.239411
0.157534 0.243921
0.160274 0.249733
0.163014 0.255904
0.165753 0.261604
0.168493 0.266607
0.171233 0.271441
0.173973 0.273579
0.176712 0.275035
0.179452 0.275508
0.182192 0.275715
0.184932 0.276186
0.187671 0.278040
0.190411 0.279450
0.193151 0.281030
0.195890 0.282563
0.198630 0.283451
0.201370 0.284651
0.204110 0.285753
0.206849 0.286572
0.209589 0.287584
0.212329 0.288460
0.215068 0.289545
0.217808 0.290551
0.220548 0.291559
0.223288 0.292878
0.226027 0.294249
0.228767 0.295287
0.231507 0.296881
0.234247 0.297350
0.236986 0.297270
0.239726 0.296896
0.242466 0.295183
0.245205 0.293184
0.247945 0.291986
0.250685 0.289792
0.253425 0.289028
0.256164 0.288744
0.258904 0.287928
0.261644 0.288165
0.264384 0.288317
0.267123 0.287598
0.269863 0.288191
0.272603 0.287643
0.275342 0.287442
0.278082 0.287459
0.280822 0.287030
0.283562 0.286384
0.286301 0.286115
0.289041 0.284677
0.291781 0.283974
0.294521 0.283027
0.297260 0.282317
0.300000 0.282062
0.302740 0.281899
0.305479 0.281080
0.308219 0.280598
0.310959 0.278892
0.313699 0.277266
0.316438 0.275084
0.319178 0.272808
0.321918 0.269959
0.324658 0.267779
0.327397 0.264467
0.330137 0.262277
0.332877 0.259161
0.335616 0.256910
0.338356 0.253873
0.341096 0.252004
0.343836 0.248764
0.346575 0.247163
0.349315 0.244019
0.352055 0.242249
0.354795 0.239134
0.357534 0.237367
0.360274 0.233750
0.363014 0.232063
0.365753 0.227916
0.368493 0.225837
0.371233 0.221182
0.373973 0.218448
0.376712 0.212701
0.379452 0.209277
0.382192 0.202078
0.384932 0.197596
0.387671 0.189220
0.390411 0.183501
0.393151 0.174055
0.395890 0.167566
0.398630 0.157084
0.401370 0.150109
0.404110 0.139232
0.406849 0.131737
0.409589 0.120831
0.412329 0.113299
0.415068 0.102014
0.417808 0.094721
0.420548 0.083218
0.423288 0.075707
0.426027 0.064464
0.428767 0.057188
0.431507 0.046152
0.434247 0.040304
0.436986 0.030470
0.439726 0.026069
0.442466 0.018188
0.445205 0.015390
0.447945 0.008847
0.450685 0.007513
0.453425 0.001300
0.456164 0.000506
0.458904 -0.005049
0.461644 -0.005920
0.464384 -0.012082
0.467123 -0.011811
0.469863 -0.019626
0.472603 -0.018833
0.475342 -0.028825
0.478082 -0.026123
0.480822 -0.038382
0.483562 -0.033454
0.486301 -0.044995
0.489041 -0.037586
0.491781 -0.046578
0.494521 -0.039540
0.497260 -0.045498
0.500000 -0.040982
0.502740 -0.046425
0.505479 -0.043224
0.508219 -0.049640
0.510959 -0.048507
0.513699 -0.056285
0.516438 -0.058125
0.519178 -0.067223
0.521918 -0.072009
0.524658 -0.082137
0.527397 -0.089568
0.530137 -0.100500
0.532877 -0.109450
0.535616 -0.121267
0.538356 -0.130508
0.541096 -0.142449
0.543836 -0.151378
0.546575 -0.162397
0.549315 -0.170286
0.552055 -0.179928
0.554795 -0.186085
0.557534 -0.194039
0.560274 -0.198207
0.563014 -0.204163
0.565753 -0.206172
0.568493 -0.209758
0.571233 -0.209466
0.573973 -0.210482
0.576712 -0.207968
0.579452 -0.207155
0.582192 -0.203176
0.584932 -0.201798
0.587671 -0.197899
0.590411 -0.196820
0.593151 -0.195050
0.595890 -0.195874
0.598630 -0.197572
0.601370 -0.200315
0.604110 -0.202718
0.606849 -0.203647
0.609589 -0.203124
0.612329 -0.201514
0.615068 -0.199698
0.617808 -0.197844
0.620548 -0.196737
0.623288 -0.195543
0.626027 -0.195143
0.628767 -0.194984
0.631507 -0.194444
0.634247 -0.195115
0.636986 -0.193864
0.639726 -0.194927
0.642466 -0.193814
0.645205 -0.196199
0.647945 -0.197025
0.650685 -0.200766
0.653425 -0.203042
0.656164 -0.206466
0.658904 -0.208523
0.661644 -0.211302
0.664384 -0.213040
0.667123 -0.216057
0.669863 -0.217411
0.672603 -0.219478
0.675342 -0.218803
0.678082 -0.219297
0.680822 -0.217327
0.683562 -0.217708
0.686301 -0.216623
0.689041 -0.217640
0.691781 -0.217689
0.694521 -0.219339
0.697260 -0.220057
0.700000 -0.222264
0.702740 -0.223874
0.705479 -0.225850
0.708219 -0.226837
0.710959 -0.227292
0.713699 -0.226547
0.716438 -0.226053
0.719178 -0.225314
0.721918 -0.224914
0.724658 -0.224699
0.727397 -0.224277
0.730137 -0.223184
0.732877 -0.221614
0.735616 -0.219249
0.738356 -0.216299
0.741096 -0.213345
0.743836 -0.210762
0.746575 -0.207874
0.749315 -0.205232
0.752055 -0.202390
0.754795 -0.199876
0.757534 -0.198791
0.760274 -0.200502
0.763014 -0.203933
0.765753 -0.209350
0.768493 -0.214036
0.771233 -0.216115
0.773973 -0.216372
0.776712 -0.214789
0.779452 -0.211994
0.782192 -0.209175
0.784932 -0.204883
0.787671 -0.197986
0.790411 -0.187254
0.793151 -0.171545
0.795890 -0.148317
0.798630 -0.116323
0.801370 -0.072772
0.804110 -0.025402
0.806849 0.025600
0.809589 0.071105
0.812329 0.108443
0.815068 0.132068
0.817808 0.150448
0.820548 0.154754
0.823288 0.157196
0.826027 0.159676
0.828767 0.152529
0.831507 0.133423
0.834247 0.110209
0.836986 0.083246
0.839726 0.060157
0.842466 0.038047
0.845205 0.022768
0.847945 -0.009582
0.850685 -0.035091
0.853425 -0.061543
0.856164 -0.074970
0.858904 -0.085773
0.861644 -0.101081
0.864384 -0.102313
0.867123 -0.110118
0.869863 -0.120341
0.872603 -0.136641
0.875342 -0.147833
0.878082 -0.162690
0.880822 -0.174170
0.883562 -0.191875
0.886301 -0.205006
0.889041 -0.222003
0.891781 -0.236218
0.894521 -0.253658
0.897260 -0.266971
0.900000 -0.281877
0.902740 -0.295203
0.905479 -0.309520
0.908219 -0.320807
0.910959 -0.333779
0.913699 -0.343668
0.916438 -0.355334
0.919178 -0.365064
0.921918 -0.375307
0.924658 -0.385201
0.927397 -0.395463
0.930137 -0.405143
0.932877 -0.415280
0.935616 -0.424776
0.938356 -0.434212
0.941096 -0.443131
0.943836 -0.450594
0.946575 -0.456991
0.949315 -0.461218
0.952055 -0.464147
0.954795 -0.466946
0.957534 -0.469579
0.960274 -0.474735
0.963014 -0.482966
0.965753 -0.485459
0.968493 -0.473614
0.971233 -0.434041
0.973973 -0.364806
0.976712 -0.288424
0.979452 -0.191274
0.982192 -0.100378
0.984932 -0.025146
0.987671 0.030892
0.990411 0.050933
0.993151 0.066891
0.995890 0.084475
0.998630 0.000631
