title="d2z6      Re=86000     iterations=200001 "
 zone t="d2z6"variables=X,v/U
0.001370 0.000000
0.004110 0.008381
0.006849 0.044899
0.009589 0.072575
0.012329 0.087366
0.015068 0.092174
0.017808 0.094974
0.020548 0.099943
0.023288 0.106002
0.026027 0.113816
0.028767 0.123681
0.031507 0.132553
0.034247 0.140210
0.036986 0.147993
0.039726 0.154152
0.042466 0.158003
0.045205 0.159760
0.047945 0.157534
0.050685 0.152594
0.053425 0.148798
0.056164 0.148219
0.058904 0.150871
0.061644 0.156925
0.064384 0.163179
0.067123 0.169222
0.069863 0.175674
0.072603 0.182292
0.075342 0.188077
0.078082 0.194505
0.080822 0.200599
0.083562 0.206278
0.086301 0.211959
0.089041 0.217404
0.091781 0.221745
0.094521 0.225613
0.097260 0.228324
0.100000 0.229291
0.102740 0.229244
0.105479 0.228141
0.108219 0.226045
0.110959 0.224145
0.113699 0.222238
0.116438 0.220267
0.119178 0.218344
0.121918 0.216371
0.124658 0.213978
0.127397 0.212022
0.130137 0.210198
0.132877 0.208538
0.135616 0.207381
0.138356 0.206595
0.141096 0.205757
0.143836 0.205591
0.146575 0.205418
0.149315 0.205372
0.152055 0.205472
0.154795 0.205759
0.157534 0.205723
0.160274 0.206111
0.163014 0.206423
0.165753 0.206728
0.168493 0.207343
0.171233 0.208115
0.173973 0.208723
0.176712 0.209807
0.179452 0.210791
0.182192 0.211789
0.184932 0.213006
0.187671 0.214279
0.190411 0.215397
0.193151 0.216821
0.195890 0.218182
0.198630 0.219481
0.201370 0.220845
0.204110 0.222361
0.206849 0.223360
0.209589 0.224754
0.212329 0.225569
0.215068 0.226353
0.217808 0.226457
0.220548 0.226578
0.223288 0.225440
0.226027 0.224329
0.228767 0.222100
0.231507 0.219768
0.234247 0.216885
0.236986 0.214958
0.239726 0.213162
0.242466 0.212684
0.245205 0.212961
0.247945 0.213429
0.250685 0.213936
0.253425 0.214661
0.256164 0.214845
0.258904 0.214944
0.261644 0.215135
0.264384 0.215508
0.267123 0.215302
0.269863 0.216397
0.272603 0.216077
0.275342 0.216995
0.278082 0.215854
0.280822 0.216708
0.283562 0.213880
0.286301 0.214330
0.289041 0.210378
0.291781 0.210077
0.294521 0.205199
0.297260 0.204569
0.300000 0.199148
0.302740 0.197912
0.305479 0.192831
0.308219 0.190765
0.310959 0.186168
0.313699 0.183482
0.316438 0.179266
0.319178 0.175968
0.321918 0.171998
0.324658 0.168268
0.327397 0.164030
0.330137 0.160165
0.332877 0.155374
0.335616 0.151319
0.338356 0.146057
0.341096 0.141695
0.343836 0.136075
0.346575 0.131372
0.349315 0.125527
0.352055 0.120482
0.354795 0.114562
0.357534 0.109215
0.360274 0.103273
0.363014 0.097822
0.365753 0.091757
0.368493 0.086420
0.371233 0.080243
0.373973 0.075022
0.376712 0.068702
0.379452 0.063418
0.382192 0.056569
0.384932 0.050892
0.387671 0.043284
0.390411 0.037708
0.393151 0.029969
0.395890 0.025813
0.398630 0.018787
0.401370 0.017062
0.404110 0.011078
0.406849 0.010880
0.409589 0.003713
0.412329 0.001107
0.415068 -0.006608
0.417808 -0.011321
0.420548 -0.018084
0.423288 -0.022519
0.426027 -0.027273
0.428767 -0.029874
0.431507 -0.032761
0.434247 -0.033796
0.436986 -0.035317
0.439726 -0.035958
0.442466 -0.037051
0.445205 -0.037706
0.447945 -0.039194
0.450685 -0.040139
0.453425 -0.041723
0.456164 -0.043230
0.458904 -0.044780
0.461644 -0.046198
0.464384 -0.047970
0.467123 -0.049138
0.469863 -0.050470
0.472603 -0.051757
0.475342 -0.052611
0.478082 -0.053366
0.480822 -0.054251
0.483562 -0.054504
0.486301 -0.054816
0.489041 -0.055181
0.491781 -0.055031
0.494521 -0.054941
0.497260 -0.055069
0.500000 -0.054607
0.502740 -0.054461
0.505479 -0.054476
0.508219 -0.054029
0.510959 -0.053981
0.513699 -0.054019
0.516438 -0.053723
0.519178 -0.053914
0.521918 -0.054003
0.524658 -0.054026
0.527397 -0.054539
0.530137 -0.054917
0.532877 -0.055371
0.535616 -0.056457
0.538356 -0.057396
0.541096 -0.058425
0.543836 -0.060118
0.546575 -0.061712
0.549315 -0.063215
0.552055 -0.065355
0.554795 -0.067259
0.557534 -0.069010
0.560274 -0.071191
0.563014 -0.073105
0.565753 -0.074650
0.568493 -0.076673
0.571233 -0.078159
0.573973 -0.079391
0.576712 -0.080908
0.579452 -0.082006
0.582192 -0.082640
0.584932 -0.083819
0.587671 -0.084322
0.590411 -0.084649
0.593151 -0.085307
0.595890 -0.085584
0.598630 -0.085531
0.601370 -0.086062
0.604110 -0.086071
0.606849 -0.086070
0.609589 -0.086458
0.612329 -0.086547
0.615068 -0.086551
0.617808 -0.087027
0.620548 -0.087048
0.623288 -0.087164
0.626027 -0.087433
0.628767 -0.087390
0.631507 -0.087202
0.634247 -0.087211
0.636986 -0.086759
0.639726 -0.086649
0.642466 -0.086235
0.645205 -0.085779
0.647945 -0.084855
0.650685 -0.084293
0.653425 -0.083339
0.656164 -0.083127
0.658904 -0.082866
0.661644 -0.082807
0.664384 -0.082388
0.667123 -0.081024
0.669863 -0.078556
0.672603 -0.075919
0.675342 -0.073282
0.678082 -0.071135
0.680822 -0.069570
0.683562 -0.067573
0.686301 -0.064832
0.689041 -0.061492
0.691781 -0.056909
0.694521 -0.051608
0.697260 -0.046581
0.700000 -0.041358
0.702740 -0.036599
0.705479 -0.033159
0.708219 -0.029964
0.710959 -0.027311
0.713699 -0.025727
0.716438 -0.024237
0.719178 -0.023160
0.721918 -0.022911
0.724658 -0.022446
0.727397 -0.022099
0.730137 -0.022064
0.732877 -0.021603
0.735616 -0.021302
0.738356 -0.021498
0.741096 -0.021317
0.743836 -0.021101
0.746575 -0.020965
0.749315 -0.019894
0.752055 -0.018774
0.754795 -0.018035
0.757534 -0.016887
0.760274 -0.015979
0.763014 -0.015412
0.765753 -0.015145
0.768493 -0.015518
0.771233 -0.016801
0.773973 -0.018243
0.776712 -0.021492
0.779452 -0.025898
0.782192 -0.032154
0.784932 -0.039192
0.787671 -0.048621
0.790411 -0.058461
0.793151 -0.070858
0.795890 -0.083530
0.798630 -0.098013
0.801370 -0.112804
0.804110 -0.129635
0.806849 -0.146295
0.809589 -0.164370
0.812329 -0.182156
0.815068 -0.200731
0.817808 -0.218378
0.820548 -0.236643
0.823288 -0.253087
0.826027 -0.269433
0.828767 -0.283757
0.831507 -0.297791
0.834247 -0.308692
0.836986 -0.318287
0.839726 -0.323463
0.842466 -0.326677
0.845205 -0.325555
0.847945 -0.322634
0.850685 -0.315520
0.853425 -0.307024
0.856164 -0.294931
0.858904 -0.283025
0.861644 -0.269360
0.864384 -0.256999
0.867123 -0.244598
0.869863 -0.234614
0.872603 -0.225833
0.875342 -0.219874
0.878082 -0.215567
0.880822 -0.213726
0.883562 -0.212850
0.886301 -0.216128
0.889041 -0.214084
0.891781 -0.215239
0.894521 -0.211795
0.897260 -0.223331
0.900000 -0.223082
0.902740 -0.232854
0.905479 -0.233133
0.908219 -0.238527
0.910959 -0.240479
0.913699 -0.243817
0.916438 -0.245229
0.919178 -0.247870
0.921918 -0.250105
0.924658 -0.252353
0.927397 -0.254885
0.930137 -0.257731
0.932877 -0.261742
0.935616 -0.266925
0.938356 -0.272014
0.941096 -0.278546
0.943836 -0.283328
0.946575 -0.285562
0.949315 -0.291233
0.952055 -0.303705
0.954795 -0.321571
0.957534 -0.342275
0.960274 -0.361637
0.963014 -0.373886
0.965753 -0.374399
0.968493 -0.358333
0.971233 -0.322786
0.973973 -0.271053
0.976712 -0.214979
0.979452 -0.168875
0.982192 -0.138224
0.984932 -0.123058
0.987671 -0.115680
0.990411 -0.113433
0.993151 -0.095772
0.995890 -0.040912
0.998630 0.000010
