title="d2z6      Re=86000     iterations=370001 "
 zone t="d2z6"variables=X,v/U
0.001370 0.000000
0.004110 0.013888
0.006849 0.066617
0.009589 0.103443
0.012329 0.132161
0.015068 0.154539
0.017808 0.171178
0.020548 0.184448
0.023288 0.193394
0.026027 0.197674
0.028767 0.201026
0.031507 0.202364
0.034247 0.202558
0.036986 0.202764
0.039726 0.203042
0.042466 0.202402
0.045205 0.202699
0.047945 0.202718
0.050685 0.202670
0.053425 0.202888
0.056164 0.203452
0.058904 0.203456
0.061644 0.204144
0.064384 0.204676
0.067123 0.205142
0.069863 0.205728
0.072603 0.206580
0.075342 0.206968
0.078082 0.207758
0.080822 0.208468
0.083562 0.209030
0.086301 0.209636
0.089041 0.210472
0.091781 0.210869
0.094521 0.211599
0.097260 0.212275
0.100000 0.212835
0.102740 0.213490
0.105479 0.214357
0.108219 0.214986
0.110959 0.216010
0.113699 0.217095
0.116438 0.218389
0.119178 0.219905
0.121918 0.221861
0.124658 0.223690
0.127397 0.225794
0.130137 0.227577
0.132877 0.228878
0.135616 0.229641
0.138356 0.229813
0.141096 0.229279
0.143836 0.228717
0.146575 0.227915
0.149315 0.227270
0.152055 0.226909
0.154795 0.226553
0.157534 0.226286
0.160274 0.226126
0.163014 0.225820
0.165753 0.225671
0.168493 0.225639
0.171233 0.225566
0.173973 0.225702
0.176712 0.225750
0.179452 0.225771
0.182192 0.225821
0.184932 0.225762
0.187671 0.225609
0.190411 0.225508
0.193151 0.225160
0.195890 0.224834
0.198630 0.224504
0.201370 0.223882
0.204110 0.223515
0.206849 0.222808
0.209589 0.222208
0.212329 0.221457
0.215068 0.220791
0.217808 0.219956
0.220548 0.219452
0.223288 0.218942
0.226027 0.218747
0.228767 0.218910
0.231507 0.219214
0.234247 0.219776
0.236986 0.220282
0.239726 0.220938
0.242466 0.221130
0.245205 0.221699
0.247945 0.221689
0.250685 0.221995
0.253425 0.221809
0.256164 0.221859
0.258904 0.221132
0.261644 0.220829
0.264384 0.219529
0.267123 0.218650
0.269863 0.216600
0.272603 0.215261
0.275342 0.212229
0.278082 0.210606
0.280822 0.206742
0.283562 0.204945
0.286301 0.200404
0.289041 0.198881
0.291781 0.193919
0.294521 0.192626
0.297260 0.187983
0.300000 0.186937
0.302740 0.183006
0.305479 0.181996
0.308219 0.179657
0.310959 0.178355
0.313699 0.177616
0.316438 0.176365
0.319178 0.177291
0.321918 0.175605
0.324658 0.178142
0.327397 0.176326
0.330137 0.179287
0.332877 0.177381
0.335616 0.180685
0.338356 0.178231
0.341096 0.181442
0.343836 0.179385
0.346575 0.181713
0.349315 0.180101
0.352055 0.182160
0.354795 0.180840
0.357534 0.181966
0.360274 0.181540
0.363014 0.181496
0.365753 0.181071
0.368493 0.180655
0.371233 0.180120
0.373973 0.178937
0.376712 0.178548
0.379452 0.177360
0.382192 0.176485
0.384932 0.175815
0.387671 0.174873
0.390411 0.174099
0.393151 0.172849
0.395890 0.171965
0.398630 0.169744
0.401370 0.168524
0.404110 0.165775
0.406849 0.164304
0.409589 0.161305
0.412329 0.160331
0.415068 0.157293
0.417808 0.156881
0.420548 0.154223
0.423288 0.154133
0.426027 0.151747
0.428767 0.151884
0.431507 0.149665
0.434247 0.149656
0.436986 0.147732
0.439726 0.147341
0.442466 0.145475
0.445205 0.144717
0.447945 0.142496
0.450685 0.141144
0.453425 0.138502
0.456164 0.136450
0.458904 0.133538
0.461644 0.131094
0.464384 0.128036
0.467123 0.125473
0.469863 0.122245
0.472603 0.119678
0.475342 0.115805
0.478082 0.113277
0.480822 0.107913
0.483562 0.105295
0.486301 0.097759
0.489041 0.094776
0.491781 0.084756
0.494521 0.081261
0.497260 0.068551
0.500000 0.064668
0.502740 0.049414
0.505479 0.045037
0.508219 0.027627
0.510959 0.023287
0.513699 0.004232
0.516438 0.000244
0.519178 -0.019966
0.521918 -0.022800
0.524658 -0.043265
0.527397 -0.044676
0.530137 -0.065011
0.532877 -0.064374
0.535616 -0.083960
0.538356 -0.081735
0.541096 -0.099893
0.543836 -0.096111
0.546575 -0.112838
0.549315 -0.107966
0.552055 -0.122606
0.554795 -0.117911
0.557534 -0.129962
0.560274 -0.126246
0.563014 -0.136472
0.565753 -0.132565
0.568493 -0.142661
0.571233 -0.136632
0.573973 -0.147424
0.576712 -0.138921
0.579452 -0.149397
0.582192 -0.140535
0.584932 -0.149312
0.587671 -0.142595
0.590411 -0.149427
0.593151 -0.145853
0.595890 -0.151659
0.598630 -0.150799
0.601370 -0.156360
0.604110 -0.156520
0.606849 -0.162089
0.609589 -0.161423
0.612329 -0.166678
0.615068 -0.165103
0.617808 -0.169152
0.620548 -0.167797
0.623288 -0.170330
0.626027 -0.169743
0.628767 -0.171108
0.631507 -0.171368
0.634247 -0.171966
0.636986 -0.172965
0.639726 -0.173524
0.642466 -0.174662
0.645205 -0.175832
0.647945 -0.177335
0.650685 -0.179472
0.653425 -0.181336
0.656164 -0.183200
0.658904 -0.184178
0.661644 -0.185701
0.664384 -0.186477
0.667123 -0.187651
0.669863 -0.187607
0.672603 -0.187207
0.675342 -0.185828
0.678082 -0.184939
0.680822 -0.183334
0.683562 -0.182569
0.686301 -0.181221
0.689041 -0.180307
0.691781 -0.178490
0.694521 -0.177255
0.697260 -0.174688
0.700000 -0.172552
0.702740 -0.169783
0.705479 -0.167092
0.708219 -0.163916
0.710959 -0.161448
0.713699 -0.158135
0.716438 -0.155605
0.719178 -0.153031
0.721918 -0.150857
0.724658 -0.148643
0.727397 -0.147023
0.730137 -0.145067
0.732877 -0.143443
0.735616 -0.142214
0.738356 -0.140741
0.741096 -0.139678
0.743836 -0.138624
0.746575 -0.137613
0.749315 -0.137184
0.752055 -0.136763
0.754795 -0.137080
0.757534 -0.136973
0.760274 -0.138258
0.763014 -0.138284
0.765753 -0.141466
0.768493 -0.142682
0.771233 -0.147418
0.773973 -0.150452
0.776712 -0.156528
0.779452 -0.160254
0.782192 -0.167485
0.784932 -0.172482
0.787671 -0.178919
0.790411 -0.185527
0.793151 -0.191634
0.795890 -0.197684
0.798630 -0.204289
0.801370 -0.209654
0.804110 -0.215320
0.806849 -0.220434
0.809589 -0.225596
0.812329 -0.228800
0.815068 -0.234559
0.817808 -0.236286
0.820548 -0.240534
0.823288 -0.242542
0.826027 -0.244921
0.828767 -0.245857
0.831507 -0.248408
0.834247 -0.249197
0.836986 -0.251619
0.839726 -0.254075
0.842466 -0.257355
0.845205 -0.259554
0.847945 -0.264592
0.850685 -0.266130
0.853425 -0.271076
0.856164 -0.272189
0.858904 -0.277261
0.861644 -0.275770
0.864384 -0.281409
0.867123 -0.277985
0.869863 -0.281499
0.872603 -0.278621
0.875342 -0.279169
0.878082 -0.276389
0.880822 -0.275746
0.883562 -0.272644
0.886301 -0.271051
0.889041 -0.267956
0.891781 -0.265186
0.894521 -0.260615
0.897260 -0.257564
0.900000 -0.250821
0.902740 -0.245020
0.905479 -0.238323
0.908219 -0.229061
0.910959 -0.220960
0.913699 -0.212383
0.916438 -0.208321
0.919178 -0.213116
0.921918 -0.224409
0.924658 -0.244408
0.927397 -0.263532
0.930137 -0.291992
0.932877 -0.310263
0.935616 -0.329479
0.938356 -0.338897
0.941096 -0.342426
0.943836 -0.341800
0.946575 -0.336628
0.949315 -0.331403
0.952055 -0.323151
0.954795 -0.316826
0.957534 -0.311131
0.960274 -0.305955
0.963014 -0.302683
0.965753 -0.298742
0.968493 -0.298485
0.971233 -0.295047
0.973973 -0.292955
0.976712 -0.288174
0.979452 -0.281238
0.982192 -0.270251
0.984932 -0.256802
0.987671 -0.228675
0.990411 -0.184363
0.993151 -0.120529
0.995890 -0.040660
0.998630 -0.000010
