title="d2z6      Re=86000     iterations=365001 "
 zone t="d2z6"variables=X,v/U
0.001370 0.000000
0.004110 0.015040
0.006849 0.055339
0.009589 0.032424
0.012329 -0.009105
0.015068 -0.036452
0.017808 -0.046194
0.020548 -0.046360
0.023288 -0.046373
0.026027 -0.047131
0.028767 -0.047156
0.031507 -0.048474
0.034247 -0.050881
0.036986 -0.052328
0.039726 -0.054716
0.042466 -0.057707
0.045205 -0.059525
0.047945 -0.061833
0.050685 -0.063953
0.053425 -0.064976
0.056164 -0.065740
0.058904 -0.065992
0.061644 -0.064494
0.064384 -0.061596
0.067123 -0.056995
0.069863 -0.049299
0.072603 -0.039566
0.075342 -0.027225
0.078082 -0.012201
0.080822 0.005133
0.083562 0.023498
0.086301 0.044941
0.089041 0.065702
0.091781 0.088195
0.094521 0.109266
0.097260 0.131011
0.100000 0.149280
0.102740 0.167965
0.105479 0.182455
0.108219 0.196226
0.110959 0.206512
0.113699 0.216059
0.116438 0.222141
0.119178 0.224956
0.121918 0.222868
0.124658 0.218177
0.127397 0.213772
0.130137 0.210493
0.132877 0.209235
0.135616 0.209523
0.138356 0.211219
0.141096 0.212239
0.143836 0.214271
0.146575 0.214443
0.149315 0.215103
0.152055 0.214770
0.154795 0.215437
0.157534 0.215435
0.160274 0.217225
0.163014 0.219129
0.165753 0.222196
0.168493 0.226422
0.171233 0.231500
0.173973 0.234945
0.176712 0.237048
0.179452 0.236145
0.182192 0.234925
0.184932 0.233647
0.187671 0.234584
0.190411 0.234016
0.193151 0.235108
0.195890 0.233748
0.198630 0.232671
0.201370 0.229561
0.204110 0.227848
0.206849 0.226102
0.209589 0.226678
0.212329 0.229939
0.215068 0.234710
0.217808 0.241012
0.220548 0.247994
0.223288 0.256144
0.226027 0.266974
0.228767 0.280461
0.231507 0.294892
0.234247 0.309159
0.236986 0.322724
0.239726 0.334706
0.242466 0.344902
0.245205 0.352194
0.247945 0.355812
0.250685 0.354517
0.253425 0.347573
0.256164 0.336139
0.258904 0.324091
0.261644 0.315292
0.264384 0.311068
0.267123 0.310588
0.269863 0.312888
0.272603 0.315819
0.275342 0.318189
0.278082 0.319134
0.280822 0.318233
0.283562 0.316292
0.286301 0.314402
0.289041 0.312988
0.291781 0.311923
0.294521 0.311309
0.297260 0.310420
0.300000 0.309014
0.302740 0.308255
0.305479 0.305970
0.308219 0.305479
0.310959 0.302574
0.313699 0.302500
0.316438 0.299048
0.319178 0.299077
0.321918 0.295015
0.324658 0.293920
0.327397 0.288899
0.330137 0.286026
0.332877 0.280128
0.335616 0.276036
0.338356 0.270205
0.341096 0.265804
0.343836 0.260980
0.346575 0.256886
0.349315 0.253253
0.352055 0.249726
0.354795 0.246904
0.357534 0.243930
0.360274 0.241564
0.363014 0.238956
0.365753 0.236869
0.368493 0.234460
0.371233 0.232473
0.373973 0.230066
0.376712 0.228198
0.379452 0.225510
0.382192 0.223964
0.384932 0.221058
0.387671 0.219861
0.390411 0.217321
0.393151 0.216558
0.395890 0.214994
0.398630 0.214883
0.401370 0.214353
0.404110 0.214604
0.406849 0.214623
0.409589 0.214696
0.412329 0.214838
0.415068 0.214511
0.417808 0.214560
0.420548 0.213824
0.423288 0.213702
0.426027 0.212393
0.428767 0.211958
0.431507 0.209437
0.434247 0.208136
0.436986 0.203750
0.439726 0.201002
0.442466 0.195251
0.445205 0.192121
0.447945 0.186569
0.450685 0.184777
0.453425 0.180053
0.456164 0.179104
0.458904 0.174717
0.461644 0.173071
0.464384 0.167781
0.467123 0.165146
0.469863 0.158035
0.472603 0.154409
0.475342 0.145714
0.478082 0.140717
0.480822 0.130268
0.483562 0.124234
0.486301 0.111405
0.489041 0.104228
0.491781 0.089562
0.494521 0.080887
0.497260 0.064506
0.500000 0.055364
0.502740 0.037306
0.505479 0.028199
0.508219 0.009740
0.510959 0.001081
0.513699 -0.017218
0.516438 -0.024319
0.519178 -0.042108
0.521918 -0.047263
0.524658 -0.063619
0.527397 -0.066906
0.530137 -0.081763
0.532877 -0.082600
0.535616 -0.096138
0.538356 -0.094839
0.541096 -0.106819
0.543836 -0.104400
0.546575 -0.115483
0.549315 -0.113183
0.552055 -0.124049
0.554795 -0.123316
0.557534 -0.133367
0.560274 -0.134083
0.563014 -0.142417
0.565753 -0.143270
0.568493 -0.149667
0.571233 -0.150013
0.573973 -0.154849
0.576712 -0.154827
0.579452 -0.159003
0.582192 -0.159202
0.584932 -0.162676
0.587671 -0.163195
0.590411 -0.166095
0.593151 -0.167420
0.595890 -0.170589
0.598630 -0.171573
0.601370 -0.173776
0.604110 -0.173265
0.606849 -0.174065
0.609589 -0.172819
0.612329 -0.173244
0.615068 -0.172570
0.617808 -0.173113
0.620548 -0.173316
0.623288 -0.173201
0.626027 -0.173452
0.628767 -0.172969
0.631507 -0.172976
0.634247 -0.173175
0.636986 -0.172804
0.639726 -0.173614
0.642466 -0.172259
0.645205 -0.173163
0.647945 -0.170682
0.650685 -0.171279
0.653425 -0.168429
0.656164 -0.168459
0.658904 -0.165668
0.661644 -0.165195
0.664384 -0.162157
0.667123 -0.161050
0.669863 -0.157982
0.672603 -0.156302
0.675342 -0.153873
0.678082 -0.152520
0.680822 -0.150713
0.683562 -0.149768
0.686301 -0.148502
0.689041 -0.147399
0.691781 -0.146386
0.694521 -0.146035
0.697260 -0.145130
0.700000 -0.145866
0.702740 -0.146036
0.705479 -0.147200
0.708219 -0.148140
0.710959 -0.149857
0.713699 -0.150770
0.716438 -0.152251
0.719178 -0.153686
0.721918 -0.154474
0.724658 -0.155375
0.727397 -0.156131
0.730137 -0.156174
0.732877 -0.156411
0.735616 -0.157380
0.738356 -0.157878
0.741096 -0.159538
0.743836 -0.161806
0.746575 -0.164160
0.749315 -0.167089
0.752055 -0.170629
0.754795 -0.173923
0.757534 -0.177980
0.760274 -0.181893
0.763014 -0.185490
0.765753 -0.189678
0.768493 -0.193051
0.771233 -0.196350
0.773973 -0.199823
0.776712 -0.203880
0.779452 -0.207055
0.782192 -0.211232
0.784932 -0.214884
0.787671 -0.217916
0.790411 -0.220467
0.793151 -0.223345
0.795890 -0.225026
0.798630 -0.227513
0.801370 -0.228812
0.804110 -0.230848
0.806849 -0.232364
0.809589 -0.234006
0.812329 -0.235043
0.815068 -0.237291
0.817808 -0.238256
0.820548 -0.239965
0.823288 -0.241553
0.826027 -0.243385
0.828767 -0.244554
0.831507 -0.246586
0.834247 -0.248433
0.836986 -0.249063
0.839726 -0.252256
0.842466 -0.252045
0.845205 -0.255123
0.847945 -0.254710
0.850685 -0.258177
0.853425 -0.256416
0.856164 -0.260180
0.858904 -0.258442
0.861644 -0.260801
0.864384 -0.259485
0.867123 -0.260953
0.869863 -0.259331
0.872603 -0.260056
0.875342 -0.258199
0.878082 -0.257712
0.880822 -0.256288
0.883562 -0.254703
0.886301 -0.252774
0.889041 -0.251357
0.891781 -0.249146
0.894521 -0.247370
0.897260 -0.245387
0.900000 -0.243193
0.902740 -0.242126
0.905479 -0.240158
0.908219 -0.238651
0.910959 -0.237710
0.913699 -0.236838
0.916438 -0.235839
0.919178 -0.233631
0.921918 -0.234137
0.924658 -0.232719
0.927397 -0.233672
0.930137 -0.233304
0.932877 -0.232416
0.935616 -0.234172
0.938356 -0.232308
0.941096 -0.233459
0.943836 -0.231641
0.946575 -0.233851
0.949315 -0.232360
0.952055 -0.236045
0.954795 -0.235987
0.957534 -0.236302
0.960274 -0.238603
0.963014 -0.237465
0.965753 -0.237766
0.968493 -0.241848
0.971233 -0.249921
0.973973 -0.266015
0.976712 -0.300705
0.979452 -0.344260
0.982192 -0.385982
0.984932 -0.399678
0.987671 -0.359673
0.990411 -0.259853
0.993151 -0.118969
0.995890 -0.035713
0.998630 -0.000018
