title="d2z6      Re=86000     iterations=260001 "
 zone t="d2z6"variables=X,v/U
0.001370 0.000000
0.004110 0.009499
0.006849 0.042372
0.009589 0.061325
0.012329 0.070707
0.015068 0.074142
0.017808 0.076409
0.020548 0.077061
0.023288 0.073875
0.026027 0.070231
0.028767 0.070403
0.031507 0.071009
0.034247 0.071477
0.036986 0.075468
0.039726 0.082454
0.042466 0.092232
0.045205 0.104981
0.047945 0.117362
0.050685 0.127912
0.053425 0.138583
0.056164 0.146965
0.058904 0.153123
0.061644 0.157888
0.064384 0.160923
0.067123 0.163276
0.069863 0.167173
0.072603 0.172694
0.075342 0.180183
0.078082 0.190095
0.080822 0.199454
0.083562 0.207561
0.086301 0.213914
0.089041 0.218642
0.091781 0.222288
0.094521 0.225637
0.097260 0.227997
0.100000 0.230372
0.102740 0.232043
0.105479 0.233537
0.108219 0.234723
0.110959 0.235501
0.113699 0.236171
0.116438 0.236563
0.119178 0.236530
0.121918 0.236669
0.124658 0.236273
0.127397 0.235896
0.130137 0.235576
0.132877 0.234993
0.135616 0.234577
0.138356 0.234285
0.141096 0.233912
0.143836 0.233655
0.146575 0.233622
0.149315 0.233262
0.152055 0.233224
0.154795 0.232917
0.157534 0.232632
0.160274 0.232112
0.163014 0.231853
0.165753 0.230914
0.168493 0.230625
0.171233 0.229753
0.173973 0.229264
0.176712 0.228527
0.179452 0.228430
0.182192 0.227598
0.184932 0.227888
0.187671 0.227597
0.190411 0.227973
0.193151 0.228209
0.195890 0.229326
0.198630 0.229745
0.201370 0.231445
0.204110 0.232659
0.206849 0.234479
0.209589 0.236204
0.212329 0.238602
0.215068 0.240387
0.217808 0.243002
0.220548 0.245352
0.223288 0.247784
0.226027 0.250305
0.228767 0.252950
0.231507 0.255223
0.234247 0.257570
0.236986 0.259878
0.239726 0.261525
0.242466 0.263230
0.245205 0.264501
0.247945 0.265476
0.250685 0.266213
0.253425 0.267216
0.256164 0.267658
0.258904 0.268330
0.261644 0.268736
0.264384 0.268789
0.267123 0.268554
0.269863 0.268383
0.272603 0.267709
0.275342 0.266959
0.278082 0.266262
0.280822 0.265117
0.283562 0.264034
0.286301 0.262895
0.289041 0.261687
0.291781 0.260199
0.294521 0.259297
0.297260 0.257878
0.300000 0.257051
0.302740 0.256519
0.305479 0.256964
0.308219 0.257734
0.310959 0.259710
0.313699 0.262078
0.316438 0.264695
0.319178 0.268437
0.321918 0.271939
0.324658 0.276427
0.327397 0.276899
0.330137 0.276469
0.332877 0.270330
0.335616 0.268520
0.338356 0.262334
0.341096 0.262225
0.343836 0.254890
0.346575 0.253520
0.349315 0.243177
0.352055 0.239500
0.354795 0.227219
0.357534 0.220942
0.360274 0.207252
0.363014 0.197863
0.365753 0.182860
0.368493 0.169870
0.371233 0.153914
0.373973 0.137694
0.376712 0.120813
0.379452 0.102750
0.382192 0.085157
0.384932 0.066803
0.387671 0.048833
0.390411 0.031588
0.393151 0.013669
0.395890 -0.001578
0.398630 -0.018864
0.401370 -0.031796
0.404110 -0.047843
0.406849 -0.058497
0.409589 -0.072312
0.412329 -0.080445
0.415068 -0.091105
0.417808 -0.095744
0.420548 -0.102473
0.423288 -0.104109
0.426027 -0.108112
0.428767 -0.108472
0.431507 -0.111311
0.434247 -0.111188
0.436986 -0.113240
0.439726 -0.112883
0.442466 -0.114748
0.445205 -0.115012
0.447945 -0.118127
0.450685 -0.120314
0.453425 -0.122750
0.456164 -0.121804
0.458904 -0.119544
0.461644 -0.115468
0.464384 -0.111890
0.467123 -0.107916
0.469863 -0.103521
0.472603 -0.099568
0.475342 -0.094799
0.478082 -0.090979
0.480822 -0.086562
0.483562 -0.083384
0.486301 -0.079238
0.489041 -0.076070
0.491781 -0.072277
0.494521 -0.069159
0.497260 -0.065652
0.500000 -0.062921
0.502740 -0.060464
0.505479 -0.058889
0.508219 -0.057755
0.510959 -0.056087
0.513699 -0.053563
0.516438 -0.051696
0.519178 -0.048444
0.521918 -0.045940
0.524658 -0.042379
0.527397 -0.038223
0.530137 -0.033649
0.532877 -0.029262
0.535616 -0.024970
0.538356 -0.021501
0.541096 -0.019647
0.543836 -0.017064
0.546575 -0.016281
0.549315 -0.014671
0.552055 -0.013348
0.554795 -0.011810
0.557534 -0.010396
0.560274 -0.008328
0.563014 -0.006668
0.565753 -0.004852
0.568493 -0.002924
0.571233 -0.001255
0.573973 -0.000350
0.576712 0.000955
0.579452 0.001227
0.582192 0.002445
0.584932 0.003161
0.587671 0.004966
0.590411 0.005634
0.593151 0.007748
0.595890 0.008603
0.598630 0.010587
0.601370 0.011871
0.604110 0.013966
0.606849 0.015284
0.609589 0.017369
0.612329 0.018778
0.615068 0.020364
0.617808 0.021925
0.620548 0.023192
0.623288 0.024171
0.626027 0.025012
0.628767 0.025241
0.631507 0.024573
0.634247 0.023604
0.636986 0.021226
0.639726 0.018080
0.642466 0.013538
0.645205 0.007880
0.647945 0.000547
0.650685 -0.008262
0.653425 -0.018742
0.656164 -0.030481
0.658904 -0.044103
0.661644 -0.058915
0.664384 -0.074728
0.667123 -0.091531
0.669863 -0.108835
0.672603 -0.126458
0.675342 -0.143987
0.678082 -0.161124
0.680822 -0.177415
0.683562 -0.192706
0.686301 -0.206745
0.689041 -0.219325
0.691781 -0.230602
0.694521 -0.240016
0.697260 -0.248059
0.700000 -0.254533
0.702740 -0.259747
0.705479 -0.263437
0.708219 -0.266368
0.710959 -0.268477
0.713699 -0.269130
0.716438 -0.270504
0.719178 -0.270227
0.721918 -0.269989
0.724658 -0.269279
0.727397 -0.268209
0.730137 -0.266065
0.732877 -0.265025
0.735616 -0.262724
0.738356 -0.261111
0.741096 -0.259533
0.743836 -0.257900
0.746575 -0.256031
0.749315 -0.254277
0.752055 -0.252214
0.754795 -0.249654
0.757534 -0.247465
0.760274 -0.245397
0.763014 -0.242807
0.765753 -0.241762
0.768493 -0.239303
0.771233 -0.237182
0.773973 -0.234032
0.776712 -0.231021
0.779452 -0.226917
0.782192 -0.223870
0.784932 -0.219402
0.787671 -0.215365
0.790411 -0.212485
0.793151 -0.209111
0.795890 -0.205110
0.798630 -0.201326
0.801370 -0.197272
0.804110 -0.195270
0.806849 -0.195773
0.809589 -0.194562
0.812329 -0.192323
0.815068 -0.190965
0.817808 -0.187964
0.820548 -0.184797
0.823288 -0.183644
0.826027 -0.180951
0.828767 -0.178039
0.831507 -0.177164
0.834247 -0.174928
0.836986 -0.172304
0.839726 -0.171703
0.842466 -0.169999
0.845205 -0.167923
0.847945 -0.167723
0.850685 -0.166527
0.853425 -0.165191
0.856164 -0.165651
0.858904 -0.164974
0.861644 -0.164464
0.864384 -0.165497
0.867123 -0.165436
0.869863 -0.165471
0.872603 -0.166990
0.875342 -0.167420
0.878082 -0.167876
0.880822 -0.169595
0.883562 -0.170283
0.886301 -0.170793
0.889041 -0.172586
0.891781 -0.173198
0.894521 -0.173459
0.897260 -0.175056
0.900000 -0.175736
0.902740 -0.175319
0.905479 -0.176646
0.908219 -0.177041
0.910959 -0.176344
0.913699 -0.177176
0.916438 -0.177568
0.919178 -0.175928
0.921918 -0.177007
0.924658 -0.178250
0.927397 -0.177084
0.930137 -0.176602
0.932877 -0.178889
0.935616 -0.179792
0.938356 -0.179816
0.941096 -0.182669
0.943836 -0.187020
0.946575 -0.189027
0.949315 -0.192759
0.952055 -0.199006
0.954795 -0.202697
0.957534 -0.209109
0.960274 -0.217576
0.963014 -0.225965
0.965753 -0.240505
0.968493 -0.265051
0.971233 -0.294376
0.973973 -0.323826
0.976712 -0.347443
0.979452 -0.371934
0.982192 -0.395925
0.984932 -0.391929
0.987671 -0.332025
0.990411 -0.220023
0.993151 -0.137370
0.995890 -0.053161
0.998630 -0.000149
