title="d2z6      Re=86000     iterations=265001 "
 zone t="d2z6"variables=X,v/U
0.001370 0.000000
0.004110 -0.018155
0.006849 -0.063401
0.009589 -0.069383
0.012329 -0.066567
0.015068 -0.062412
0.017808 -0.058595
0.020548 -0.053267
0.023288 -0.049864
0.026027 -0.042351
0.028767 -0.034095
0.031507 -0.024016
0.034247 -0.012517
0.036986 0.001606
0.039726 0.015885
0.042466 0.030141
0.045205 0.045304
0.047945 0.060615
0.050685 0.076368
0.053425 0.093033
0.056164 0.110911
0.058904 0.128244
0.061644 0.147011
0.064384 0.165634
0.067123 0.183650
0.069863 0.201868
0.072603 0.219333
0.075342 0.235804
0.078082 0.252170
0.080822 0.268474
0.083562 0.284146
0.086301 0.299582
0.089041 0.314705
0.091781 0.328362
0.094521 0.340120
0.097260 0.349251
0.100000 0.354675
0.102740 0.357778
0.105479 0.360338
0.108219 0.362464
0.110959 0.364299
0.113699 0.364726
0.116438 0.363229
0.119178 0.361683
0.121918 0.361253
0.124658 0.361288
0.127397 0.362051
0.130137 0.363600
0.132877 0.365706
0.135616 0.368556
0.138356 0.371638
0.141096 0.373979
0.143836 0.376016
0.146575 0.378188
0.149315 0.380318
0.152055 0.382129
0.154795 0.382506
0.157534 0.380227
0.160274 0.375679
0.163014 0.369268
0.165753 0.361176
0.168493 0.352055
0.171233 0.342203
0.173973 0.331382
0.176712 0.320085
0.179452 0.308640
0.182192 0.296629
0.184932 0.284986
0.187671 0.273061
0.190411 0.262072
0.193151 0.249950
0.195890 0.240590
0.198630 0.228441
0.201370 0.220505
0.204110 0.209432
0.206849 0.201610
0.209589 0.193756
0.212329 0.184188
0.215068 0.183050
0.217808 0.170386
0.220548 0.176718
0.223288 0.162540
0.226027 0.170833
0.228767 0.158596
0.231507 0.162349
0.234247 0.154913
0.236986 0.153591
0.239726 0.152958
0.242466 0.149591
0.245205 0.152369
0.247945 0.149369
0.250685 0.150248
0.253425 0.150097
0.256164 0.149314
0.258904 0.150665
0.261644 0.150362
0.264384 0.151186
0.267123 0.151821
0.269863 0.152094
0.272603 0.153217
0.275342 0.153595
0.278082 0.154284
0.280822 0.155817
0.283562 0.155867
0.286301 0.158057
0.289041 0.158685
0.291781 0.160615
0.294521 0.161703
0.297260 0.164311
0.300000 0.164783
0.302740 0.168060
0.305479 0.168581
0.308219 0.171518
0.310959 0.172294
0.313699 0.175215
0.316438 0.175651
0.319178 0.178659
0.321918 0.179017
0.324658 0.181683
0.327397 0.182095
0.330137 0.184513
0.332877 0.184855
0.335616 0.186963
0.338356 0.187350
0.341096 0.189091
0.343836 0.189391
0.346575 0.190835
0.349315 0.191077
0.352055 0.192041
0.354795 0.192188
0.357534 0.192838
0.360274 0.192526
0.363014 0.192909
0.365753 0.192237
0.368493 0.192063
0.371233 0.190986
0.373973 0.190446
0.376712 0.188599
0.379452 0.187637
0.382192 0.185107
0.384932 0.183334
0.387671 0.179917
0.390411 0.177373
0.393151 0.172656
0.395890 0.169173
0.398630 0.163349
0.401370 0.158648
0.404110 0.151688
0.406849 0.145959
0.409589 0.137496
0.412329 0.130601
0.415068 0.120816
0.417808 0.112582
0.420548 0.101882
0.423288 0.093008
0.426027 0.081576
0.428767 0.072473
0.431507 0.060856
0.434247 0.051258
0.436986 0.039802
0.439726 0.030378
0.442466 0.018841
0.445205 0.009826
0.447945 -0.001045
0.450685 -0.010040
0.453425 -0.020085
0.456164 -0.028126
0.458904 -0.037563
0.461644 -0.044974
0.464384 -0.053365
0.467123 -0.059850
0.469863 -0.067692
0.472603 -0.073529
0.475342 -0.080011
0.478082 -0.085441
0.480822 -0.091094
0.483562 -0.094877
0.486301 -0.099635
0.489041 -0.102438
0.491781 -0.105164
0.494521 -0.107104
0.497260 -0.109191
0.500000 -0.109865
0.502740 -0.111485
0.505479 -0.112348
0.508219 -0.113372
0.510959 -0.114215
0.513699 -0.115502
0.516438 -0.116009
0.519178 -0.117184
0.521918 -0.118017
0.524658 -0.118692
0.527397 -0.119780
0.530137 -0.120398
0.532877 -0.121615
0.535616 -0.122450
0.538356 -0.124770
0.541096 -0.126941
0.543836 -0.130589
0.546575 -0.134556
0.549315 -0.138010
0.552055 -0.141804
0.554795 -0.143526
0.557534 -0.145987
0.560274 -0.145809
0.563014 -0.147771
0.565753 -0.146496
0.568493 -0.148448
0.571233 -0.146973
0.573973 -0.148561
0.576712 -0.146929
0.579452 -0.148400
0.582192 -0.146356
0.584932 -0.147380
0.587671 -0.145542
0.590411 -0.145580
0.593151 -0.143768
0.595890 -0.143768
0.598630 -0.142195
0.601370 -0.142069
0.604110 -0.141505
0.606849 -0.141106
0.609589 -0.140516
0.612329 -0.139730
0.615068 -0.138460
0.617808 -0.136839
0.620548 -0.135329
0.623288 -0.133529
0.626027 -0.132715
0.628767 -0.131547
0.631507 -0.131503
0.634247 -0.130007
0.636986 -0.130531
0.639726 -0.127220
0.642466 -0.128396
0.645205 -0.125075
0.647945 -0.126308
0.650685 -0.126055
0.653425 -0.126199
0.656164 -0.129330
0.658904 -0.128183
0.661644 -0.132176
0.664384 -0.131854
0.667123 -0.132188
0.669863 -0.137234
0.672603 -0.131184
0.675342 -0.142115
0.678082 -0.131405
0.680822 -0.145741
0.683562 -0.131711
0.686301 -0.149083
0.689041 -0.134429
0.691781 -0.153675
0.694521 -0.143472
0.697260 -0.160937
0.700000 -0.157055
0.702740 -0.171066
0.705479 -0.172441
0.708219 -0.182687
0.710959 -0.187175
0.713699 -0.194138
0.716438 -0.198950
0.719178 -0.203877
0.721918 -0.207255
0.724658 -0.210550
0.727397 -0.213390
0.730137 -0.216231
0.732877 -0.219881
0.735616 -0.223889
0.738356 -0.227373
0.741096 -0.230461
0.743836 -0.232663
0.746575 -0.233583
0.749315 -0.234531
0.752055 -0.236478
0.754795 -0.238814
0.757534 -0.241810
0.760274 -0.244280
0.763014 -0.245527
0.765753 -0.247171
0.768493 -0.249710
0.771233 -0.252561
0.773973 -0.256370
0.776712 -0.260217
0.779452 -0.263516
0.782192 -0.266884
0.784932 -0.269577
0.787671 -0.271229
0.790411 -0.272027
0.793151 -0.271643
0.795890 -0.269905
0.798630 -0.266302
0.801370 -0.261321
0.804110 -0.255086
0.806849 -0.243504
0.809589 -0.237921
0.812329 -0.217614
0.815068 -0.214049
0.817808 -0.187838
0.820548 -0.184994
0.823288 -0.154688
0.826027 -0.154524
0.828767 -0.125006
0.831507 -0.124009
0.834247 -0.098531
0.836986 -0.099960
0.839726 -0.079172
0.842466 -0.081630
0.845205 -0.067889
0.847945 -0.071419
0.850685 -0.060465
0.853425 -0.069030
0.856164 -0.062852
0.858904 -0.071206
0.861644 -0.069260
0.864384 -0.079671
0.867123 -0.075934
0.869863 -0.087369
0.872603 -0.086385
0.875342 -0.091253
0.878082 -0.094518
0.880822 -0.098713
0.883562 -0.099476
0.886301 -0.103608
0.889041 -0.107627
0.891781 -0.106775
0.894521 -0.110621
0.897260 -0.114493
0.900000 -0.111804
0.902740 -0.113789
0.905479 -0.117857
0.908219 -0.113712
0.910959 -0.113842
0.913699 -0.119704
0.916438 -0.117852
0.919178 -0.117573
0.921918 -0.124733
0.924658 -0.125903
0.927397 -0.123740
0.930137 -0.128513
0.932877 -0.134062
0.935616 -0.133646
0.938356 -0.134599
0.941096 -0.140937
0.943836 -0.143247
0.946575 -0.137940
0.949315 -0.137078
0.952055 -0.142073
0.954795 -0.141448
0.957534 -0.138940
0.960274 -0.140563
0.963014 -0.143358
0.965753 -0.157155
0.968493 -0.187683
0.971233 -0.219995
0.973973 -0.251114
0.976712 -0.292016
0.979452 -0.339490
0.982192 -0.385543
0.984932 -0.419293
0.987671 -0.416778
0.990411 -0.354847
0.993151 -0.226241
0.995890 -0.075570
0.998630 -0.000034
