title="d2z6      Re=86000     iterations=475001 "
 zone t="d2z6"variables=X,v/U
0.001370 0.000000
0.004110 0.017419
0.006849 0.099684
0.009589 0.158437
0.012329 0.182872
0.015068 0.192371
0.017808 0.199377
0.020548 0.209839
0.023288 0.222660
0.026027 0.236477
0.028767 0.252612
0.031507 0.267563
0.034247 0.281589
0.036986 0.294304
0.039726 0.304175
0.042466 0.310859
0.045205 0.315909
0.047945 0.317847
0.050685 0.318387
0.053425 0.320350
0.056164 0.323883
0.058904 0.329264
0.061644 0.336011
0.064384 0.339253
0.067123 0.338944
0.069863 0.339466
0.072603 0.339803
0.075342 0.338046
0.078082 0.336466
0.080822 0.334174
0.083562 0.331838
0.086301 0.332273
0.089041 0.334390
0.091781 0.337291
0.094521 0.342743
0.097260 0.348381
0.100000 0.353524
0.102740 0.358143
0.105479 0.361870
0.108219 0.363735
0.110959 0.365248
0.113699 0.365660
0.116438 0.366216
0.119178 0.367067
0.121918 0.368944
0.124658 0.370507
0.127397 0.372302
0.130137 0.373533
0.132877 0.374728
0.135616 0.376081
0.138356 0.377061
0.141096 0.376242
0.143836 0.371390
0.146575 0.361125
0.149315 0.345304
0.152055 0.328838
0.154795 0.316081
0.157534 0.304642
0.160274 0.294604
0.163014 0.284916
0.165753 0.275692
0.168493 0.268508
0.171233 0.258410
0.173973 0.254581
0.176712 0.243001
0.179452 0.241205
0.182192 0.231366
0.184932 0.227647
0.187671 0.221644
0.190411 0.216472
0.193151 0.212271
0.195890 0.207481
0.198630 0.203500
0.201370 0.200006
0.204110 0.195918
0.206849 0.194055
0.209589 0.191512
0.212329 0.190581
0.215068 0.190749
0.217808 0.190719
0.220548 0.191431
0.223288 0.192948
0.226027 0.193628
0.228767 0.195178
0.231507 0.196650
0.234247 0.197333
0.236986 0.198581
0.239726 0.199055
0.242466 0.199186
0.245205 0.198881
0.247945 0.198210
0.250685 0.196226
0.253425 0.194491
0.256164 0.191072
0.258904 0.187865
0.261644 0.183367
0.264384 0.179233
0.267123 0.173803
0.269863 0.169190
0.272603 0.163416
0.275342 0.158345
0.278082 0.152503
0.280822 0.147486
0.283562 0.141514
0.286301 0.136968
0.289041 0.131360
0.291781 0.127268
0.294521 0.122414
0.297260 0.118989
0.300000 0.114804
0.302740 0.112124
0.305479 0.108668
0.308219 0.106577
0.310959 0.103670
0.313699 0.102260
0.316438 0.099498
0.319178 0.098734
0.321918 0.095995
0.324658 0.095712
0.327397 0.092799
0.330137 0.093126
0.332877 0.089706
0.335616 0.090711
0.338356 0.086743
0.341096 0.088356
0.343836 0.083922
0.346575 0.086338
0.349315 0.081731
0.352055 0.085062
0.354795 0.080890
0.357534 0.084437
0.360274 0.080456
0.363014 0.083299
0.365753 0.078239
0.368493 0.080586
0.371233 0.073499
0.373973 0.077261
0.376712 0.067998
0.379452 0.075357
0.382192 0.064304
0.384932 0.074542
0.387671 0.062512
0.390411 0.072504
0.393151 0.060444
0.395890 0.068046
0.398630 0.057216
0.401370 0.062014
0.404110 0.053054
0.406849 0.055525
0.409589 0.046644
0.412329 0.048303
0.415068 0.037409
0.417808 0.039968
0.420548 0.027203
0.423288 0.031754
0.426027 0.018051
0.428767 0.024717
0.431507 0.010340
0.434247 0.017881
0.436986 0.003260
0.439726 0.010517
0.442466 -0.004014
0.445205 0.002905
0.447945 -0.011410
0.450685 -0.004939
0.453425 -0.018654
0.456164 -0.012887
0.458904 -0.025917
0.461644 -0.020692
0.464384 -0.033231
0.467123 -0.028519
0.469863 -0.040457
0.472603 -0.036352
0.475342 -0.047773
0.478082 -0.044000
0.480822 -0.055155
0.483562 -0.051694
0.486301 -0.062402
0.489041 -0.059351
0.491781 -0.069730
0.494521 -0.066836
0.497260 -0.077008
0.500000 -0.074445
0.502740 -0.084074
0.505479 -0.082031
0.508219 -0.091237
0.510959 -0.089429
0.513699 -0.098363
0.516438 -0.096919
0.519178 -0.105362
0.521918 -0.104322
0.524658 -0.112455
0.527397 -0.111509
0.530137 -0.119491
0.532877 -0.118656
0.535616 -0.126307
0.538356 -0.125604
0.541096 -0.132939
0.543836 -0.132153
0.546575 -0.139344
0.549315 -0.138301
0.552055 -0.145264
0.554795 -0.144103
0.557534 -0.150715
0.560274 -0.149444
0.563014 -0.155846
0.565753 -0.154352
0.568493 -0.160591
0.571233 -0.159100
0.573973 -0.165017
0.576712 -0.163527
0.579452 -0.169434
0.582192 -0.167653
0.584932 -0.173638
0.587671 -0.171743
0.590411 -0.177606
0.593151 -0.175567
0.595890 -0.181540
0.598630 -0.179140
0.601370 -0.185228
0.604110 -0.182700
0.606849 -0.188743
0.609589 -0.186111
0.612329 -0.192394
0.615068 -0.189496
0.617808 -0.196120
0.620548 -0.193263
0.623288 -0.199985
0.626027 -0.197438
0.628767 -0.204282
0.631507 -0.202113
0.634247 -0.208923
0.636986 -0.207521
0.639726 -0.213916
0.642466 -0.213414
0.645205 -0.219434
0.647945 -0.219774
0.650685 -0.225303
0.653425 -0.227034
0.656164 -0.232007
0.658904 -0.235326
0.661644 -0.239661
0.664384 -0.243898
0.667123 -0.246860
0.669863 -0.251731
0.672603 -0.253085
0.675342 -0.258933
0.678082 -0.259194
0.680822 -0.266350
0.683562 -0.265683
0.686301 -0.274427
0.689041 -0.272896
0.691781 -0.282630
0.694521 -0.280914
0.697260 -0.290551
0.700000 -0.289327
0.702740 -0.298212
0.705479 -0.297894
0.708219 -0.305127
0.710959 -0.305908
0.713699 -0.310594
0.716438 -0.312034
0.719178 -0.314735
0.721918 -0.317183
0.724658 -0.319045
0.727397 -0.322681
0.730137 -0.323662
0.732877 -0.327833
0.735616 -0.328321
0.738356 -0.331579
0.741096 -0.331150
0.743836 -0.333699
0.746575 -0.332887
0.749315 -0.335362
0.752055 -0.334343
0.754795 -0.335811
0.757534 -0.334761
0.760274 -0.335319
0.763014 -0.333286
0.765753 -0.333177
0.768493 -0.330050
0.771233 -0.328564
0.773973 -0.324818
0.776712 -0.321613
0.779452 -0.316914
0.782192 -0.312453
0.784932 -0.306727
0.787671 -0.301202
0.790411 -0.294686
0.793151 -0.287705
0.795890 -0.281300
0.798630 -0.273201
0.801370 -0.265737
0.804110 -0.257672
0.806849 -0.249618
0.809589 -0.240809
0.812329 -0.232708
0.815068 -0.224055
0.817808 -0.215644
0.820548 -0.207319
0.823288 -0.199266
0.826027 -0.191179
0.828767 -0.183503
0.831507 -0.176215
0.834247 -0.168976
0.836986 -0.162455
0.839726 -0.155977
0.842466 -0.149777
0.845205 -0.143907
0.847945 -0.138454
0.850685 -0.132686
0.853425 -0.128143
0.856164 -0.122748
0.858904 -0.118770
0.861644 -0.114326
0.864384 -0.111348
0.867123 -0.107315
0.869863 -0.105781
0.872603 -0.102119
0.875342 -0.100598
0.878082 -0.097236
0.880822 -0.094845
0.883562 -0.091053
0.886301 -0.089236
0.889041 -0.087656
0.891781 -0.088680
0.894521 -0.092112
0.897260 -0.093577
0.900000 -0.086627
0.902740 -0.088703
0.905479 -0.100136
0.908219 -0.117913
0.910959 -0.136099
0.913699 -0.146982
0.916438 -0.137346
0.919178 -0.103863
0.921918 -0.066453
0.924658 -0.041719
0.927397 -0.020387
0.930137 0.003263
0.932877 0.029103
0.935616 0.053741
0.938356 0.071978
0.941096 0.081214
0.943836 0.079586
0.946575 0.070114
0.949315 0.060887
0.952055 0.053420
0.954795 0.047084
0.957534 0.042704
0.960274 0.039370
0.963014 0.035430
0.965753 0.031663
0.968493 0.026355
0.971233 0.018718
0.973973 0.011534
0.976712 0.002376
0.979452 -0.003445
0.982192 -0.006381
0.984932 -0.007971
0.987671 -0.007081
0.990411 -0.002909
0.993151 0.000702
0.995890 0.004155
0.998630 0.000048
