title="d2z6      Re=86000     iterations=65001 "
 zone t="d2z6"variables=X,v/U
0.001370 0.000000
0.004110 0.001318
0.006849 0.007636
0.009589 0.012632
0.012329 0.017533
0.015068 0.020464
0.017808 0.022325
0.020548 0.024657
0.023288 0.025709
0.026027 0.026140
0.028767 0.027400
0.031507 0.027720
0.034247 0.027566
0.036986 0.028394
0.039726 0.028458
0.042466 0.028080
0.045205 0.028748
0.047945 0.028751
0.050685 0.028297
0.053425 0.028909
0.056164 0.028917
0.058904 0.028441
0.061644 0.029028
0.064384 0.029063
0.067123 0.028582
0.069863 0.029154
0.072603 0.029216
0.075342 0.028738
0.078082 0.029296
0.080822 0.029386
0.083562 0.028914
0.086301 0.029458
0.089041 0.029573
0.091781 0.029111
0.094521 0.029641
0.097260 0.029780
0.100000 0.029330
0.102740 0.029846
0.105479 0.030006
0.108219 0.029570
0.110959 0.030072
0.113699 0.030251
0.116438 0.029833
0.119178 0.030320
0.121918 0.030518
0.124658 0.030118
0.127397 0.030592
0.130137 0.030807
0.132877 0.030427
0.135616 0.030888
0.138356 0.031119
0.141096 0.030760
0.143836 0.031209
0.146575 0.031456
0.149315 0.031118
0.152055 0.031557
0.154795 0.031817
0.157534 0.031501
0.160274 0.031932
0.163014 0.032206
0.165753 0.031912
0.168493 0.032336
0.171233 0.032623
0.173973 0.032352
0.176712 0.032770
0.179452 0.033070
0.182192 0.032821
0.184932 0.033236
0.187671 0.033549
0.190411 0.033323
0.193151 0.033735
0.195890 0.034061
0.198630 0.033859
0.201370 0.034268
0.204110 0.034610
0.206849 0.034431
0.209589 0.034838
0.212329 0.035196
0.215068 0.035041
0.217808 0.035448
0.220548 0.035822
0.223288 0.035693
0.226027 0.036098
0.228767 0.036491
0.231507 0.036389
0.234247 0.036794
0.236986 0.037206
0.239726 0.037132
0.242466 0.037537
0.245205 0.037969
0.247945 0.037925
0.250685 0.038331
0.253425 0.038785
0.256164 0.038774
0.258904 0.039182
0.261644 0.039658
0.264384 0.039681
0.267123 0.040094
0.269863 0.040594
0.272603 0.040653
0.275342 0.041073
0.278082 0.041598
0.280822 0.041695
0.283562 0.042125
0.286301 0.042676
0.289041 0.042816
0.291781 0.043259
0.294521 0.043837
0.297260 0.044023
0.300000 0.044482
0.302740 0.045091
0.305479 0.045327
0.308219 0.045803
0.310959 0.046449
0.313699 0.046738
0.316438 0.047232
0.319178 0.047934
0.321918 0.048244
0.324658 0.048820
0.327397 0.049502
0.330137 0.049942
0.332877 0.050485
0.335616 0.051282
0.338356 0.051727
0.341096 0.052366
0.343836 0.053176
0.346575 0.053728
0.349315 0.054388
0.352055 0.055286
0.354795 0.055896
0.357534 0.056634
0.360274 0.057591
0.363014 0.058297
0.365753 0.059100
0.368493 0.060144
0.371233 0.060937
0.373973 0.061840
0.376712 0.062949
0.379452 0.063890
0.382192 0.064834
0.384932 0.066124
0.387671 0.067074
0.390411 0.068281
0.393151 0.069470
0.395890 0.070825
0.398630 0.071778
0.401370 0.073419
0.404110 0.074176
0.406849 0.075192
0.409589 0.075490
0.412329 0.075819
0.415068 0.075311
0.417808 0.075291
0.420548 0.074102
0.423288 0.073982
0.426027 0.074083
0.428767 0.075454
0.431507 0.075816
0.434247 0.076692
0.436986 0.076530
0.439726 0.076417
0.442466 0.076018
0.445205 0.075632
0.447945 0.075048
0.450685 0.074929
0.453425 0.074603
0.456164 0.074544
0.458904 0.074599
0.461644 0.074793
0.464384 0.074837
0.467123 0.075259
0.469863 0.075450
0.472603 0.075669
0.475342 0.075908
0.478082 0.076132
0.480822 0.076015
0.483562 0.076109
0.486301 0.075874
0.489041 0.075489
0.491781 0.074983
0.494521 0.074343
0.497260 0.073308
0.500000 0.072285
0.502740 0.070911
0.505479 0.069347
0.508219 0.067610
0.510959 0.065702
0.513699 0.063495
0.516438 0.061371
0.519178 0.058932
0.521918 0.056517
0.524658 0.054072
0.527397 0.051620
0.530137 0.049107
0.532877 0.046916
0.535616 0.044570
0.538356 0.042514
0.541096 0.040622
0.543836 0.038930
0.546575 0.037289
0.549315 0.036160
0.552055 0.034944
0.554795 0.034117
0.557534 0.033447
0.560274 0.033066
0.563014 0.032619
0.565753 0.032745
0.568493 0.032619
0.571233 0.032964
0.573973 0.033221
0.576712 0.033771
0.579452 0.034214
0.582192 0.035074
0.584932 0.035599
0.587671 0.036630
0.590411 0.037371
0.593151 0.038446
0.595890 0.039263
0.598630 0.040548
0.601370 0.041324
0.604110 0.042674
0.606849 0.043601
0.609589 0.044868
0.612329 0.045890
0.615068 0.047186
0.617808 0.048213
0.620548 0.049476
0.623288 0.050582
0.626027 0.051746
0.628767 0.052845
0.631507 0.053940
0.634247 0.054952
0.636986 0.055870
0.639726 0.056745
0.642466 0.057499
0.645205 0.058087
0.647945 0.058674
0.650685 0.058992
0.653425 0.059345
0.656164 0.059289
0.658904 0.059600
0.661644 0.058981
0.664384 0.059247
0.667123 0.058204
0.669863 0.058322
0.672603 0.056762
0.675342 0.056965
0.678082 0.054744
0.680822 0.054949
0.683562 0.052311
0.686301 0.052407
0.689041 0.049291
0.691781 0.049470
0.694521 0.046081
0.697260 0.045946
0.700000 0.042960
0.702740 0.042304
0.705479 0.039747
0.708219 0.038915
0.710959 0.036216
0.713699 0.034141
0.716438 0.027527
0.719178 0.021407
0.721918 0.011276
0.724658 0.007400
0.727397 0.003702
0.730137 0.005896
0.732877 0.005708
0.735616 0.007211
0.738356 0.006538
0.741096 0.006484
0.743836 0.005909
0.746575 0.004656
0.749315 0.005072
0.752055 0.003269
0.754795 0.003679
0.757534 0.001657
0.760274 0.001189
0.763014 -0.001933
0.765753 -0.003466
0.768493 -0.007241
0.771233 -0.009505
0.773973 -0.014751
0.776712 -0.018725
0.779452 -0.025279
0.782192 -0.029402
0.784932 -0.036602
0.787671 -0.041460
0.790411 -0.047532
0.793151 -0.052061
0.795890 -0.057557
0.798630 -0.062015
0.801370 -0.066752
0.804110 -0.072443
0.806849 -0.077332
0.809589 -0.083853
0.812329 -0.088569
0.815068 -0.095194
0.817808 -0.097900
0.820548 -0.102392
0.823288 -0.103298
0.826027 -0.105087
0.828767 -0.104332
0.831507 -0.104214
0.834247 -0.101349
0.836986 -0.099578
0.839726 -0.097179
0.842466 -0.100323
0.845205 -0.104959
0.847945 -0.113099
0.850685 -0.118932
0.853425 -0.126479
0.856164 -0.133434
0.858904 -0.144080
0.861644 -0.153960
0.864384 -0.166997
0.867123 -0.181716
0.869863 -0.202104
0.872603 -0.223624
0.875342 -0.244695
0.878082 -0.260022
0.880822 -0.266715
0.883562 -0.265103
0.886301 -0.261918
0.889041 -0.260926
0.891781 -0.259374
0.894521 -0.257927
0.897260 -0.254631
0.900000 -0.247064
0.902740 -0.235233
0.905479 -0.218893
0.908219 -0.198936
0.910959 -0.176999
0.913699 -0.155508
0.916438 -0.137759
0.919178 -0.125587
0.921918 -0.121226
0.924658 -0.123637
0.927397 -0.133147
0.930137 -0.146015
0.932877 -0.162398
0.935616 -0.179967
0.938356 -0.195914
0.941096 -0.211376
0.943836 -0.225861
0.946575 -0.237379
0.949315 -0.247573
0.952055 -0.255447
0.954795 -0.260075
0.957534 -0.261632
0.960274 -0.259143
0.963014 -0.252810
0.965753 -0.242670
0.968493 -0.229336
0.971233 -0.214055
0.973973 -0.195713
0.976712 -0.170008
0.979452 -0.136315
0.982192 -0.098727
0.984932 -0.068346
0.987671 -0.048514
0.990411 -0.037185
0.993151 -0.027123
0.995890 -0.015855
0.998630 -0.000024
