title="d2z6      Re=86000     iterations=410001 "
 zone t="d2z6"variables=X,v/U
0.001370 0.000000
0.004110 0.028280
0.006849 0.138148
0.009589 0.200481
0.012329 0.229518
0.015068 0.241623
0.017808 0.248753
0.020548 0.256680
0.023288 0.262894
0.026027 0.267029
0.028767 0.271981
0.031507 0.274668
0.034247 0.275770
0.036986 0.277215
0.039726 0.277833
0.042466 0.277167
0.045205 0.277699
0.047945 0.277296
0.050685 0.276762
0.053425 0.276645
0.056164 0.276592
0.058904 0.276606
0.061644 0.278049
0.064384 0.279544
0.067123 0.282194
0.069863 0.283755
0.072603 0.285945
0.075342 0.286520
0.078082 0.287933
0.080822 0.288376
0.083562 0.289351
0.086301 0.289315
0.089041 0.290456
0.091781 0.290120
0.094521 0.290870
0.097260 0.290634
0.100000 0.291046
0.102740 0.290521
0.105479 0.290894
0.108219 0.289995
0.110959 0.289791
0.113699 0.288734
0.116438 0.287907
0.119178 0.286299
0.121918 0.285337
0.124658 0.283483
0.127397 0.282206
0.130137 0.280675
0.132877 0.279290
0.135616 0.277646
0.138356 0.276388
0.141096 0.274643
0.143836 0.272884
0.146575 0.271356
0.149315 0.269216
0.152055 0.267587
0.154795 0.265513
0.157534 0.264263
0.160274 0.262135
0.163014 0.261773
0.165753 0.260130
0.168493 0.260119
0.171233 0.259141
0.173973 0.259371
0.176712 0.258474
0.179452 0.258706
0.182192 0.258026
0.184932 0.257384
0.187671 0.256501
0.190411 0.254942
0.193151 0.253208
0.195890 0.251191
0.198630 0.249358
0.201370 0.247119
0.204110 0.245354
0.206849 0.243090
0.209589 0.240798
0.212329 0.238289
0.215068 0.235779
0.217808 0.232716
0.220548 0.230306
0.223288 0.227083
0.226027 0.224661
0.228767 0.221338
0.231507 0.218932
0.234247 0.215136
0.236986 0.212513
0.239726 0.208371
0.242466 0.205507
0.245205 0.201245
0.247945 0.198917
0.250685 0.194838
0.253425 0.193583
0.256164 0.190495
0.258904 0.190487
0.261644 0.188669
0.264384 0.189902
0.267123 0.188793
0.269863 0.190266
0.272603 0.189371
0.275342 0.190360
0.278082 0.189512
0.280822 0.190687
0.283562 0.190014
0.286301 0.191729
0.289041 0.191557
0.291781 0.193402
0.294521 0.193371
0.297260 0.195094
0.300000 0.194600
0.302740 0.195839
0.305479 0.194961
0.308219 0.195326
0.310959 0.194083
0.313699 0.193584
0.316438 0.191413
0.319178 0.189651
0.321918 0.186355
0.324658 0.182970
0.327397 0.178877
0.330137 0.175001
0.332877 0.170640
0.335616 0.167464
0.338356 0.163417
0.341096 0.160882
0.343836 0.157008
0.346575 0.155058
0.349315 0.150793
0.352055 0.149272
0.354795 0.144814
0.357534 0.143272
0.360274 0.138774
0.363014 0.137633
0.365753 0.132486
0.368493 0.132539
0.371233 0.126415
0.373973 0.127875
0.376712 0.120952
0.379452 0.123604
0.382192 0.116457
0.384932 0.119364
0.387671 0.112951
0.390411 0.115115
0.393151 0.109431
0.395890 0.110993
0.398630 0.105136
0.401370 0.106478
0.404110 0.100364
0.406849 0.101401
0.409589 0.095597
0.412329 0.096172
0.415068 0.091321
0.417808 0.091122
0.420548 0.087612
0.423288 0.086740
0.426027 0.084055
0.428767 0.083220
0.431507 0.080777
0.434247 0.079972
0.436986 0.077962
0.439726 0.076885
0.442466 0.075139
0.445205 0.074143
0.447945 0.072062
0.450685 0.071359
0.453425 0.068649
0.456164 0.068276
0.458904 0.064595
0.461644 0.064744
0.464384 0.060034
0.467123 0.060261
0.469863 0.054673
0.472603 0.054621
0.475342 0.047968
0.478082 0.047773
0.480822 0.039766
0.483562 0.039432
0.486301 0.030368
0.489041 0.029541
0.491781 0.019833
0.494521 0.018682
0.497260 0.008287
0.500000 0.007235
0.502740 -0.003697
0.505479 -0.004828
0.508219 -0.015786
0.510959 -0.017450
0.513699 -0.027839
0.516438 -0.031033
0.519178 -0.039524
0.521918 -0.045252
0.524658 -0.051784
0.527397 -0.059796
0.530137 -0.064843
0.532877 -0.074005
0.535616 -0.078566
0.538356 -0.087918
0.541096 -0.092485
0.543836 -0.101033
0.546575 -0.106151
0.549315 -0.113367
0.552055 -0.118742
0.554795 -0.124905
0.557534 -0.130109
0.560274 -0.135144
0.563014 -0.140368
0.565753 -0.144122
0.568493 -0.149079
0.571233 -0.152160
0.573973 -0.156416
0.576712 -0.158822
0.579452 -0.162748
0.582192 -0.164344
0.584932 -0.167730
0.587671 -0.169088
0.590411 -0.171779
0.593151 -0.172895
0.595890 -0.175318
0.598630 -0.176130
0.601370 -0.178075
0.604110 -0.178864
0.606849 -0.180147
0.609589 -0.180616
0.612329 -0.181606
0.615068 -0.181592
0.617808 -0.182248
0.620548 -0.182055
0.623288 -0.182339
0.626027 -0.181842
0.628767 -0.182038
0.631507 -0.181237
0.634247 -0.181262
0.636986 -0.180620
0.639726 -0.180594
0.642466 -0.180173
0.645205 -0.180601
0.647945 -0.180451
0.650685 -0.181182
0.653425 -0.181430
0.656164 -0.182145
0.658904 -0.182252
0.661644 -0.182946
0.664384 -0.182733
0.667123 -0.183204
0.669863 -0.182964
0.672603 -0.183075
0.675342 -0.182351
0.678082 -0.181962
0.680822 -0.180318
0.683562 -0.179166
0.686301 -0.177331
0.689041 -0.176031
0.691781 -0.174676
0.694521 -0.174004
0.697260 -0.172736
0.700000 -0.172070
0.702740 -0.170766
0.705479 -0.169954
0.708219 -0.168755
0.710959 -0.168440
0.713699 -0.167402
0.716438 -0.167404
0.719178 -0.166969
0.721918 -0.166990
0.724658 -0.167173
0.727397 -0.167646
0.730137 -0.168184
0.732877 -0.169181
0.735616 -0.170451
0.738356 -0.171840
0.741096 -0.173710
0.743836 -0.176115
0.746575 -0.178301
0.749315 -0.181581
0.752055 -0.184616
0.754795 -0.188072
0.757534 -0.191694
0.760274 -0.195437
0.763014 -0.198927
0.765753 -0.202186
0.768493 -0.205718
0.771233 -0.207442
0.773973 -0.210036
0.776712 -0.210910
0.779452 -0.211528
0.782192 -0.211603
0.784932 -0.210958
0.787671 -0.210553
0.790411 -0.208607
0.793151 -0.209037
0.795890 -0.206084
0.798630 -0.207519
0.801370 -0.204536
0.804110 -0.206529
0.806849 -0.204148
0.809589 -0.206428
0.812329 -0.204448
0.815068 -0.206927
0.817808 -0.205433
0.820548 -0.207322
0.823288 -0.206576
0.826027 -0.207928
0.828767 -0.207206
0.831507 -0.208436
0.834247 -0.207707
0.836986 -0.208373
0.839726 -0.208140
0.842466 -0.208037
0.845205 -0.207638
0.847945 -0.207973
0.850685 -0.207074
0.853425 -0.207079
0.856164 -0.207255
0.858904 -0.206965
0.861644 -0.207463
0.864384 -0.208588
0.867123 -0.209125
0.869863 -0.210925
0.872603 -0.213069
0.875342 -0.214441
0.878082 -0.216868
0.880822 -0.219671
0.883562 -0.220527
0.886301 -0.222959
0.889041 -0.225787
0.891781 -0.226102
0.894521 -0.227997
0.897260 -0.230952
0.900000 -0.232120
0.902740 -0.233715
0.905479 -0.237022
0.908219 -0.239854
0.910959 -0.241484
0.913699 -0.245266
0.916438 -0.247736
0.919178 -0.250801
0.921918 -0.253573
0.924658 -0.256420
0.927397 -0.260326
0.930137 -0.262314
0.932877 -0.267090
0.935616 -0.269005
0.938356 -0.273563
0.941096 -0.273558
0.943836 -0.279632
0.946575 -0.280162
0.949315 -0.283052
0.952055 -0.282646
0.954795 -0.287343
0.957534 -0.287658
0.960274 -0.290285
0.963014 -0.290129
0.965753 -0.293289
0.968493 -0.296418
0.971233 -0.300669
0.973973 -0.306646
0.976712 -0.320430
0.979452 -0.338772
0.982192 -0.368702
0.984932 -0.400800
0.987671 -0.403112
0.990411 -0.352108
0.993151 -0.227078
0.995890 -0.071113
0.998630 -0.000021
