title="d2z6      Re=86000     iterations=390001 "
 zone t="d2z6"variables=X,v/U
0.001370 0.000000
0.004110 0.020183
0.006849 0.107801
0.009589 0.172819
0.012329 0.207898
0.015068 0.220151
0.017808 0.222929
0.020548 0.224918
0.023288 0.225777
0.026027 0.225910
0.028767 0.227606
0.031507 0.228933
0.034247 0.229873
0.036986 0.231326
0.039726 0.231284
0.042466 0.229791
0.045205 0.228682
0.047945 0.226555
0.050685 0.223967
0.053425 0.221875
0.056164 0.219896
0.058904 0.216990
0.061644 0.215467
0.064384 0.213009
0.067123 0.210965
0.069863 0.208580
0.072603 0.206772
0.075342 0.203863
0.078082 0.201690
0.080822 0.199169
0.083562 0.196264
0.086301 0.193699
0.089041 0.191357
0.091781 0.188499
0.094521 0.186583
0.097260 0.184974
0.100000 0.183286
0.102740 0.182798
0.105479 0.182806
0.108219 0.183186
0.110959 0.184443
0.113699 0.186973
0.116438 0.189185
0.119178 0.193014
0.121918 0.196985
0.124658 0.200807
0.127397 0.204586
0.130137 0.207761
0.132877 0.209653
0.135616 0.210828
0.138356 0.211695
0.141096 0.211469
0.143836 0.211474
0.146575 0.211288
0.149315 0.210155
0.152055 0.208649
0.154795 0.206544
0.157534 0.202976
0.160274 0.199204
0.163014 0.195101
0.165753 0.190172
0.168493 0.185422
0.171233 0.180888
0.173973 0.175558
0.176712 0.170608
0.179452 0.166085
0.182192 0.161322
0.184932 0.157055
0.187671 0.153673
0.190411 0.149695
0.193151 0.146359
0.195890 0.143698
0.198630 0.141469
0.201370 0.139296
0.204110 0.138472
0.206849 0.137237
0.209589 0.136625
0.212329 0.136718
0.215068 0.137620
0.217808 0.138529
0.220548 0.141000
0.223288 0.143547
0.226027 0.146300
0.228767 0.149571
0.231507 0.152889
0.234247 0.155318
0.236986 0.158470
0.239726 0.161512
0.242466 0.164814
0.245205 0.169002
0.247945 0.173191
0.250685 0.176226
0.253425 0.179130
0.256164 0.181381
0.258904 0.183603
0.261644 0.186437
0.264384 0.189765
0.267123 0.192772
0.269863 0.196011
0.272603 0.198807
0.275342 0.200921
0.278082 0.202557
0.280822 0.203672
0.283562 0.203615
0.286301 0.203183
0.289041 0.201831
0.291781 0.199762
0.294521 0.197138
0.297260 0.194612
0.300000 0.191171
0.302740 0.188146
0.305479 0.184151
0.308219 0.181385
0.310959 0.179151
0.313699 0.179760
0.316438 0.179990
0.319178 0.181930
0.321918 0.182653
0.324658 0.183917
0.327397 0.184265
0.330137 0.184794
0.332877 0.184392
0.335616 0.183896
0.338356 0.182703
0.341096 0.181135
0.343836 0.178993
0.346575 0.176956
0.349315 0.174174
0.352055 0.172160
0.354795 0.169652
0.357534 0.168165
0.360274 0.166424
0.363014 0.165976
0.365753 0.165094
0.368493 0.165608
0.371233 0.165574
0.373973 0.166837
0.376712 0.167402
0.379452 0.169397
0.382192 0.170452
0.384932 0.172897
0.387671 0.174320
0.390411 0.176818
0.393151 0.178113
0.395890 0.180271
0.398630 0.181093
0.401370 0.182519
0.404110 0.182578
0.406849 0.183097
0.409589 0.182024
0.412329 0.181386
0.415068 0.179033
0.417808 0.177088
0.420548 0.173320
0.423288 0.170323
0.426027 0.165391
0.428767 0.161719
0.431507 0.156340
0.434247 0.152675
0.436986 0.147368
0.439726 0.144292
0.442466 0.139341
0.445205 0.136791
0.447945 0.132148
0.450685 0.129917
0.453425 0.125309
0.456164 0.123238
0.458904 0.118642
0.461644 0.116642
0.464384 0.112072
0.467123 0.110218
0.469863 0.105654
0.472603 0.103851
0.475342 0.099363
0.478082 0.097436
0.480822 0.092927
0.483562 0.090887
0.486301 0.086225
0.489041 0.083943
0.491781 0.079210
0.494521 0.076617
0.497260 0.071674
0.500000 0.068936
0.502740 0.063699
0.505479 0.060726
0.508219 0.055349
0.510959 0.052083
0.513699 0.046510
0.516438 0.043034
0.519178 0.037257
0.521918 0.033575
0.524658 0.027579
0.527397 0.023714
0.530137 0.017571
0.532877 0.013406
0.535616 0.007225
0.538356 0.002856
0.541096 -0.003605
0.543836 -0.007986
0.546575 -0.014581
0.549315 -0.019258
0.552055 -0.025797
0.554795 -0.030528
0.557534 -0.037335
0.560274 -0.041888
0.563014 -0.048767
0.565753 -0.053509
0.568493 -0.060205
0.571233 -0.064782
0.573973 -0.071845
0.576712 -0.076244
0.579452 -0.083095
0.582192 -0.087510
0.584932 -0.094445
0.587671 -0.098515
0.590411 -0.105499
0.593151 -0.109431
0.595890 -0.116416
0.598630 -0.120118
0.601370 -0.127230
0.604110 -0.130708
0.606849 -0.137837
0.609589 -0.141169
0.612329 -0.148408
0.615068 -0.151450
0.617808 -0.158778
0.620548 -0.161771
0.623288 -0.169026
0.626027 -0.171908
0.628767 -0.179254
0.631507 -0.181992
0.634247 -0.189312
0.636986 -0.192016
0.639726 -0.199147
0.642466 -0.201725
0.645205 -0.208501
0.647945 -0.210684
0.650685 -0.216893
0.653425 -0.218794
0.656164 -0.224118
0.658904 -0.225727
0.661644 -0.230553
0.664384 -0.231614
0.667123 -0.235770
0.669863 -0.236708
0.672603 -0.239792
0.675342 -0.240169
0.678082 -0.242449
0.680822 -0.241855
0.683562 -0.243119
0.686301 -0.241737
0.689041 -0.242109
0.691781 -0.240584
0.694521 -0.240262
0.697260 -0.238920
0.700000 -0.238690
0.702740 -0.237360
0.705479 -0.237363
0.708219 -0.236308
0.710959 -0.236391
0.713699 -0.235420
0.716438 -0.235478
0.719178 -0.234565
0.721918 -0.233996
0.724658 -0.232663
0.727397 -0.230575
0.730137 -0.228044
0.732877 -0.224242
0.735616 -0.219549
0.738356 -0.215838
0.741096 -0.209991
0.743836 -0.209111
0.746575 -0.204825
0.749315 -0.209840
0.752055 -0.211468
0.754795 -0.222634
0.757534 -0.230669
0.760274 -0.245819
0.763014 -0.257468
0.765753 -0.273407
0.768493 -0.285366
0.771233 -0.298715
0.773973 -0.307682
0.776712 -0.315493
0.779452 -0.318664
0.782192 -0.319120
0.784932 -0.317245
0.787671 -0.315996
0.790411 -0.313777
0.793151 -0.309951
0.795890 -0.304534
0.798630 -0.298872
0.801370 -0.293528
0.804110 -0.289249
0.806849 -0.285988
0.809589 -0.282446
0.812329 -0.279154
0.815068 -0.276532
0.817808 -0.272398
0.820548 -0.266291
0.823288 -0.258840
0.826027 -0.250596
0.828767 -0.240748
0.831507 -0.230884
0.834247 -0.221780
0.836986 -0.213263
0.839726 -0.205027
0.842466 -0.198649
0.845205 -0.193396
0.847945 -0.190525
0.850685 -0.188064
0.853425 -0.186761
0.856164 -0.186456
0.858904 -0.186673
0.861644 -0.186045
0.864384 -0.187853
0.867123 -0.186061
0.869863 -0.188899
0.872603 -0.185733
0.875342 -0.189296
0.878082 -0.187442
0.880822 -0.191132
0.883562 -0.192435
0.886301 -0.198012
0.889041 -0.201526
0.891781 -0.206214
0.894521 -0.208803
0.897260 -0.210338
0.900000 -0.209920
0.902740 -0.207792
0.905479 -0.204922
0.908219 -0.202134
0.910959 -0.199263
0.913699 -0.195597
0.916438 -0.191988
0.919178 -0.188992
0.921918 -0.186453
0.924658 -0.185079
0.927397 -0.183467
0.930137 -0.180804
0.932877 -0.177878
0.935616 -0.175911
0.938356 -0.172023
0.941096 -0.168913
0.943836 -0.166191
0.946575 -0.163475
0.949315 -0.161043
0.952055 -0.159100
0.954795 -0.156382
0.957534 -0.154115
0.960274 -0.153100
0.963014 -0.152021
0.965753 -0.151435
0.968493 -0.151352
0.971233 -0.150825
0.973973 -0.151520
0.976712 -0.153556
0.979452 -0.154711
0.982192 -0.156512
0.984932 -0.158991
0.987671 -0.158597
0.990411 -0.152420
0.993151 -0.126795
0.995890 -0.062417
0.998630 -0.000022
