title="d2z6      Re=86000     iterations=495001 "
 zone t="d2z6"variables=X,v/U
0.001370 0.000000
0.004110 0.026488
0.006849 0.133195
0.009589 0.198142
0.012329 0.226842
0.015068 0.233534
0.017808 0.231874
0.020548 0.229351
0.023288 0.226556
0.026027 0.222560
0.028767 0.220263
0.031507 0.217863
0.034247 0.214767
0.036986 0.212608
0.039726 0.211898
0.042466 0.211980
0.045205 0.215264
0.047945 0.220244
0.050685 0.225324
0.053425 0.231139
0.056164 0.236496
0.058904 0.239496
0.061644 0.241511
0.064384 0.242121
0.067123 0.241307
0.069863 0.240579
0.072603 0.239349
0.075342 0.237022
0.078082 0.235243
0.080822 0.233132
0.083562 0.230848
0.086301 0.229303
0.089041 0.227912
0.091781 0.226470
0.094521 0.225889
0.097260 0.224844
0.100000 0.224175
0.102740 0.223723
0.105479 0.223320
0.108219 0.223389
0.110959 0.224194
0.113699 0.225339
0.116438 0.227363
0.119178 0.229968
0.121918 0.233064
0.124658 0.236471
0.127397 0.240178
0.130137 0.244118
0.132877 0.247681
0.135616 0.251268
0.138356 0.254681
0.141096 0.257165
0.143836 0.259412
0.146575 0.261165
0.149315 0.262016
0.152055 0.262542
0.154795 0.262854
0.157534 0.262985
0.160274 0.263215
0.163014 0.263788
0.165753 0.264745
0.168493 0.264416
0.171233 0.263616
0.173973 0.260867
0.176712 0.256723
0.179452 0.253240
0.182192 0.249780
0.184932 0.244831
0.187671 0.241975
0.190411 0.235733
0.193151 0.233991
0.195890 0.227894
0.198630 0.228357
0.201370 0.222811
0.204110 0.223916
0.206849 0.219979
0.209589 0.219357
0.212329 0.217013
0.215068 0.215128
0.217808 0.213055
0.220548 0.211067
0.223288 0.209052
0.226027 0.207134
0.228767 0.205322
0.231507 0.203649
0.234247 0.202002
0.236986 0.200737
0.239726 0.199167
0.242466 0.198461
0.245205 0.196945
0.247945 0.196491
0.250685 0.195480
0.253425 0.194869
0.256164 0.194160
0.258904 0.193856
0.261644 0.192901
0.264384 0.192805
0.267123 0.191968
0.269863 0.191589
0.272603 0.190857
0.275342 0.190378
0.278082 0.189465
0.280822 0.188896
0.283562 0.187869
0.286301 0.187121
0.289041 0.185949
0.291781 0.185088
0.294521 0.183757
0.297260 0.182752
0.300000 0.181270
0.302740 0.180155
0.305479 0.178463
0.308219 0.177196
0.310959 0.175284
0.313699 0.173783
0.316438 0.171480
0.319178 0.169598
0.321918 0.166798
0.324658 0.164276
0.327397 0.160900
0.330137 0.157777
0.332877 0.153744
0.335616 0.150071
0.338356 0.145789
0.341096 0.141679
0.343836 0.137220
0.346575 0.133089
0.349315 0.128488
0.352055 0.124521
0.354795 0.119997
0.357534 0.115928
0.360274 0.111734
0.363014 0.107674
0.365753 0.103377
0.368493 0.099535
0.371233 0.095200
0.373973 0.091198
0.376712 0.086965
0.379452 0.082885
0.382192 0.078421
0.384932 0.074422
0.387671 0.069804
0.390411 0.065603
0.393151 0.061044
0.395890 0.056626
0.398630 0.051869
0.401370 0.047667
0.404110 0.042559
0.406849 0.038363
0.409589 0.033336
0.412329 0.029387
0.415068 0.023704
0.417808 0.020974
0.420548 0.014324
0.423288 0.012771
0.426027 0.005320
0.428767 0.005206
0.431507 -0.003329
0.434247 -0.002049
0.436986 -0.010812
0.439726 -0.009708
0.442466 -0.017522
0.445205 -0.017405
0.447945 -0.024522
0.450685 -0.025262
0.453425 -0.031744
0.456164 -0.033232
0.458904 -0.039051
0.461644 -0.040744
0.464384 -0.046512
0.467123 -0.048237
0.469863 -0.054078
0.472603 -0.056079
0.475342 -0.061460
0.478082 -0.063232
0.480822 -0.068248
0.483562 -0.069550
0.486301 -0.074159
0.489041 -0.075550
0.491781 -0.079727
0.494521 -0.080947
0.497260 -0.084906
0.500000 -0.085844
0.502740 -0.088975
0.505479 -0.090116
0.508219 -0.092258
0.510959 -0.093271
0.513699 -0.095254
0.516438 -0.096022
0.519178 -0.097985
0.521918 -0.099201
0.524658 -0.101150
0.527397 -0.102450
0.530137 -0.104477
0.532877 -0.104917
0.535616 -0.106115
0.538356 -0.106109
0.541096 -0.106433
0.543836 -0.106408
0.546575 -0.106771
0.549315 -0.107196
0.552055 -0.108594
0.554795 -0.110821
0.557534 -0.113589
0.560274 -0.116449
0.563014 -0.119329
0.565753 -0.120714
0.568493 -0.121918
0.571233 -0.121658
0.573973 -0.121474
0.576712 -0.120297
0.579452 -0.119994
0.582192 -0.118422
0.584932 -0.117699
0.587671 -0.116141
0.590411 -0.114866
0.593151 -0.113255
0.595890 -0.112054
0.598630 -0.110621
0.601370 -0.109529
0.604110 -0.108573
0.606849 -0.107615
0.609589 -0.106614
0.612329 -0.105913
0.615068 -0.104674
0.617808 -0.103517
0.620548 -0.101833
0.623288 -0.099207
0.626027 -0.096549
0.628767 -0.094833
0.631507 -0.095368
0.634247 -0.096419
0.636986 -0.093434
0.639726 -0.085369
0.642466 -0.074952
0.645205 -0.067130
0.647945 -0.057797
0.650685 -0.049419
0.653425 -0.040226
0.656164 -0.032372
0.658904 -0.021743
0.661644 -0.013953
0.664384 -0.003035
0.667123 0.004299
0.669863 0.013907
0.672603 0.018449
0.675342 0.025523
0.678082 0.026422
0.680822 0.032102
0.683562 0.035183
0.686301 0.046470
0.689041 0.054621
0.691781 0.062112
0.694521 0.047830
0.697260 0.028611
0.700000 -0.004935
0.702740 -0.011031
0.705479 -0.033452
0.708219 -0.031060
0.710959 -0.067305
0.713699 -0.071262
0.716438 -0.108144
0.719178 -0.112828
0.721918 -0.147118
0.724658 -0.156300
0.727397 -0.185994
0.730137 -0.195955
0.732877 -0.218600
0.735616 -0.231002
0.738356 -0.252377
0.741096 -0.266812
0.743836 -0.285628
0.746575 -0.296039
0.749315 -0.304409
0.752055 -0.301331
0.754795 -0.298133
0.757534 -0.286507
0.760274 -0.277528
0.763014 -0.266246
0.765753 -0.257535
0.768493 -0.252726
0.771233 -0.248941
0.773973 -0.250566
0.776712 -0.252858
0.779452 -0.255828
0.782192 -0.256314
0.784932 -0.250689
0.787671 -0.242683
0.790411 -0.232529
0.793151 -0.225460
0.795890 -0.220160
0.798630 -0.216188
0.801370 -0.212422
0.804110 -0.208663
0.806849 -0.205221
0.809589 -0.203057
0.812329 -0.199994
0.815068 -0.198450
0.817808 -0.196666
0.820548 -0.193998
0.823288 -0.192317
0.826027 -0.190634
0.828767 -0.187729
0.831507 -0.186450
0.834247 -0.185126
0.836986 -0.183617
0.839726 -0.182520
0.842466 -0.182648
0.845205 -0.181274
0.847945 -0.181733
0.850685 -0.181478
0.853425 -0.181070
0.856164 -0.181768
0.858904 -0.181430
0.861644 -0.180877
0.864384 -0.181232
0.867123 -0.181222
0.869863 -0.179879
0.872603 -0.179912
0.875342 -0.180127
0.878082 -0.177732
0.880822 -0.177549
0.883562 -0.176500
0.886301 -0.174140
0.889041 -0.173190
0.891781 -0.171702
0.894521 -0.169675
0.897260 -0.166146
0.900000 -0.163010
0.902740 -0.160117
0.905479 -0.160120
0.908219 -0.163899
0.910959 -0.172022
0.913699 -0.183828
0.916438 -0.194355
0.919178 -0.206107
0.921918 -0.214428
0.924658 -0.221199
0.927397 -0.229008
0.930137 -0.239469
0.932877 -0.246466
0.935616 -0.259367
0.938356 -0.272376
0.941096 -0.286414
0.943836 -0.307347
0.946575 -0.336771
0.949315 -0.369578
0.952055 -0.410266
0.954795 -0.455981
0.957534 -0.499855
0.960274 -0.535017
0.963014 -0.539072
0.965753 -0.490994
0.968493 -0.394534
0.971233 -0.290687
0.973973 -0.231566
0.976712 -0.174262
0.979452 -0.116507
0.982192 -0.033851
0.984932 0.047132
0.987671 0.107538
0.990411 0.147716
0.993151 0.128247
0.995890 0.071474
0.998630 -0.000485
