title="d2z6      Re=86000     iterations=10001 "
 zone t="d2z6"variables=X,v/U
0.001370 0.000000
0.004110 -0.000127
0.006849 0.001082
0.009589 0.001389
0.012329 0.002332
0.015068 0.002858
0.017808 0.002699
0.020548 0.003261
0.023288 0.003477
0.026027 0.003074
0.028767 0.003460
0.031507 0.003574
0.034247 0.003116
0.036986 0.003471
0.039726 0.003576
0.042466 0.003116
0.045205 0.003463
0.047945 0.003570
0.050685 0.003114
0.053425 0.003457
0.056164 0.003566
0.058904 0.003114
0.061644 0.003450
0.064384 0.003561
0.067123 0.003113
0.069863 0.003442
0.072603 0.003555
0.075342 0.003111
0.078082 0.003434
0.080822 0.003548
0.083562 0.003108
0.086301 0.003423
0.089041 0.003539
0.091781 0.003103
0.094521 0.003411
0.097260 0.003528
0.100000 0.003096
0.102740 0.003398
0.105479 0.003517
0.108219 0.003089
0.110959 0.003385
0.113699 0.003504
0.116438 0.003081
0.119178 0.003370
0.121918 0.003491
0.124658 0.003071
0.127397 0.003355
0.130137 0.003477
0.132877 0.003062
0.135616 0.003339
0.138356 0.003461
0.141096 0.003049
0.143836 0.003320
0.146575 0.003442
0.149315 0.003034
0.152055 0.003299
0.154795 0.003423
0.157534 0.003019
0.160274 0.003279
0.163014 0.003404
0.165753 0.003004
0.168493 0.003259
0.171233 0.003383
0.173973 0.002988
0.176712 0.003235
0.179452 0.003359
0.182192 0.002969
0.184932 0.003212
0.187671 0.003337
0.190411 0.002955
0.193151 0.003193
0.195890 0.003319
0.198630 0.002943
0.201370 0.003175
0.204110 0.003299
0.206849 0.002930
0.209589 0.003155
0.212329 0.003277
0.215068 0.002915
0.217808 0.003133
0.220548 0.003254
0.223288 0.002899
0.226027 0.003109
0.228767 0.003227
0.231507 0.002879
0.234247 0.003082
0.236986 0.003197
0.239726 0.002859
0.242466 0.003055
0.245205 0.003169
0.247945 0.002839
0.250685 0.003029
0.253425 0.003139
0.256164 0.002818
0.258904 0.003002
0.261644 0.003109
0.264384 0.002797
0.267123 0.002974
0.269863 0.003078
0.272603 0.002775
0.275342 0.002946
0.278082 0.003046
0.280822 0.002751
0.283562 0.002916
0.286301 0.003011
0.289041 0.002725
0.291781 0.002886
0.294521 0.002978
0.297260 0.002702
0.300000 0.002859
0.302740 0.002946
0.305479 0.002678
0.308219 0.002830
0.310959 0.002912
0.313699 0.002652
0.316438 0.002801
0.319178 0.002877
0.321918 0.002626
0.324658 0.002772
0.327397 0.002844
0.330137 0.002600
0.332877 0.002743
0.335616 0.002808
0.338356 0.002571
0.341096 0.002711
0.343836 0.002771
0.346575 0.002540
0.349315 0.002677
0.352055 0.002732
0.354795 0.002507
0.357534 0.002643
0.360274 0.002693
0.363014 0.002476
0.365753 0.002611
0.368493 0.002655
0.371233 0.002443
0.373973 0.002577
0.376712 0.002615
0.379452 0.002408
0.382192 0.002541
0.384932 0.002574
0.387671 0.002374
0.390411 0.002506
0.393151 0.002534
0.395890 0.002338
0.398630 0.002469
0.401370 0.002492
0.404110 0.002300
0.406849 0.002430
0.409589 0.002448
0.412329 0.002261
0.415068 0.002390
0.417808 0.002402
0.420548 0.002220
0.423288 0.002349
0.426027 0.002358
0.428767 0.002180
0.431507 0.002310
0.434247 0.002314
0.436986 0.002139
0.439726 0.002268
0.442466 0.002268
0.445205 0.002096
0.447945 0.002225
0.450685 0.002221
0.453425 0.002052
0.456164 0.002180
0.458904 0.002173
0.461644 0.002007
0.464384 0.002134
0.467123 0.002123
0.469863 0.001960
0.472603 0.002088
0.475342 0.002073
0.478082 0.001912
0.480822 0.002039
0.483562 0.002020
0.486301 0.001860
0.489041 0.001985
0.491781 0.001961
0.494521 0.001803
0.497260 0.001927
0.500000 0.001900
0.502740 0.001744
0.505479 0.001867
0.508219 0.001837
0.510959 0.001683
0.513699 0.001807
0.516438 0.001774
0.519178 0.001622
0.521918 0.001746
0.524658 0.001710
0.527397 0.001561
0.530137 0.001685
0.532877 0.001644
0.535616 0.001497
0.538356 0.001620
0.541096 0.001574
0.543836 0.001428
0.546575 0.001550
0.549315 0.001500
0.552055 0.001356
0.554795 0.001478
0.557534 0.001424
0.560274 0.001282
0.563014 0.001403
0.565753 0.001345
0.568493 0.001205
0.571233 0.001326
0.573973 0.001264
0.576712 0.001124
0.579452 0.001244
0.582192 0.001177
0.584932 0.001037
0.587671 0.001156
0.590411 0.001085
0.593151 0.000945
0.595890 0.001064
0.598630 0.000989
0.601370 0.000849
0.604110 0.000969
0.606849 0.000890
0.609589 0.000750
0.612329 0.000870
0.615068 0.000788
0.617808 0.000646
0.620548 0.000765
0.623288 0.000678
0.626027 0.000534
0.628767 0.000652
0.631507 0.000560
0.634247 0.000415
0.636986 0.000534
0.639726 0.000439
0.642466 0.000293
0.645205 0.000412
0.647945 0.000311
0.650685 0.000164
0.653425 0.000282
0.656164 0.000177
0.658904 0.000028
0.661644 0.000145
0.664384 0.000035
0.667123 -0.000114
0.669863 0.000002
0.672603 -0.000113
0.675342 -0.000261
0.678082 -0.000148
0.680822 -0.000267
0.683562 -0.000416
0.686301 -0.000307
0.689041 -0.000430
0.691781 -0.000580
0.694521 -0.000474
0.697260 -0.000601
0.700000 -0.000750
0.702740 -0.000647
0.705479 -0.000779
0.708219 -0.000929
0.710959 -0.000831
0.713699 -0.000968
0.716438 -0.001120
0.719178 -0.001026
0.721918 -0.001168
0.724658 -0.001322
0.727397 -0.001231
0.730137 -0.001377
0.732877 -0.001532
0.735616 -0.001444
0.738356 -0.001596
0.741096 -0.001754
0.743836 -0.001667
0.746575 -0.001826
0.749315 -0.001986
0.752055 -0.001901
0.754795 -0.002065
0.757534 -0.002229
0.760274 -0.002144
0.763014 -0.002316
0.765753 -0.002482
0.768493 -0.002398
0.771233 -0.002578
0.773973 -0.002747
0.776712 -0.002661
0.779452 -0.002848
0.782192 -0.003019
0.784932 -0.002930
0.787671 -0.003124
0.790411 -0.003297
0.793151 -0.003206
0.795890 -0.003408
0.798630 -0.003583
0.801370 -0.003490
0.804110 -0.003700
0.806849 -0.003877
0.809589 -0.003782
0.812329 -0.004000
0.815068 -0.004180
0.817808 -0.004083
0.820548 -0.004311
0.823288 -0.004493
0.826027 -0.004395
0.828767 -0.004631
0.831507 -0.004813
0.834247 -0.004711
0.836986 -0.004954
0.839726 -0.005135
0.842466 -0.005028
0.845205 -0.005279
0.847945 -0.005459
0.850685 -0.005347
0.853425 -0.005606
0.856164 -0.005781
0.858904 -0.005663
0.861644 -0.005931
0.864384 -0.006102
0.867123 -0.005978
0.869863 -0.006257
0.872603 -0.006421
0.875342 -0.006292
0.878082 -0.006581
0.880822 -0.006737
0.883562 -0.006599
0.886301 -0.006899
0.889041 -0.007042
0.891781 -0.006895
0.894521 -0.007208
0.897260 -0.007335
0.900000 -0.007178
0.902740 -0.007504
0.905479 -0.007615
0.908219 -0.007448
0.910959 -0.007789
0.913699 -0.007878
0.916438 -0.007702
0.919178 -0.008058
0.921918 -0.008121
0.924658 -0.007937
0.927397 -0.008307
0.930137 -0.008342
0.932877 -0.008152
0.935616 -0.008537
0.938356 -0.008542
0.941096 -0.008349
0.943836 -0.008747
0.946575 -0.008719
0.949315 -0.008525
0.952055 -0.008932
0.954795 -0.008866
0.957534 -0.008674
0.960274 -0.009087
0.963014 -0.008983
0.965753 -0.008800
0.968493 -0.009216
0.971233 -0.009084
0.973973 -0.008930
0.976712 -0.009376
0.979452 -0.009258
0.982192 -0.009161
0.984932 -0.009568
0.987671 -0.009183
0.990411 -0.008443
0.993151 -0.007428
0.995890 -0.004175
0.998630 0.000002
