title="d2z6      Re=86000     iterations=85001 "
 zone t="d2z6"variables=X,v/U
0.001370 0.000000
0.004110 -0.000557
0.006849 0.000608
0.009589 0.005088
0.012329 0.011417
0.015068 0.015915
0.017808 0.019265
0.020548 0.022648
0.023288 0.024123
0.026027 0.024868
0.028767 0.026332
0.031507 0.026542
0.034247 0.026345
0.036986 0.027200
0.039726 0.027095
0.042466 0.026619
0.045205 0.027294
0.047945 0.027162
0.050685 0.026586
0.053425 0.027202
0.056164 0.027098
0.058904 0.026479
0.061644 0.027044
0.064384 0.026989
0.067123 0.026323
0.069863 0.026854
0.072603 0.026826
0.075342 0.026137
0.078082 0.026614
0.080822 0.026622
0.083562 0.025897
0.086301 0.026330
0.089041 0.026355
0.091781 0.025607
0.094521 0.025984
0.097260 0.026026
0.100000 0.025250
0.102740 0.025570
0.105479 0.025619
0.108219 0.024817
0.110959 0.025072
0.113699 0.025122
0.116438 0.024289
0.119178 0.024478
0.121918 0.024517
0.124658 0.023653
0.127397 0.023764
0.130137 0.023786
0.132877 0.022880
0.135616 0.022912
0.138356 0.022899
0.141096 0.021950
0.143836 0.021885
0.146575 0.021832
0.149315 0.020823
0.152055 0.020654
0.154795 0.020539
0.157534 0.019463
0.160274 0.019169
0.163014 0.018976
0.165753 0.017812
0.168493 0.017376
0.171233 0.017079
0.173973 0.015808
0.176712 0.015199
0.179452 0.014770
0.182192 0.013360
0.184932 0.012546
0.187671 0.011946
0.190411 0.010349
0.193151 0.009312
0.195890 0.008427
0.198630 0.006695
0.201370 0.005207
0.204110 0.004208
0.206849 0.001925
0.209589 0.000327
0.212329 -0.001434
0.215068 -0.003765
0.217808 -0.006010
0.220548 -0.007546
0.223288 -0.009564
0.226027 -0.011055
0.228767 -0.012819
0.231507 -0.016455
0.234247 -0.021404
0.236986 -0.026142
0.239726 -0.030509
0.242466 -0.033018
0.245205 -0.033984
0.247945 -0.032394
0.250685 -0.028192
0.253425 -0.023092
0.256164 -0.018054
0.258904 -0.010346
0.261644 -0.001107
0.264384 0.009193
0.267123 0.019462
0.269863 0.030507
0.272603 0.040694
0.275342 0.051887
0.278082 0.063212
0.280822 0.075842
0.283562 0.088724
0.286301 0.103317
0.289041 0.117948
0.291781 0.134256
0.294521 0.150666
0.297260 0.168531
0.300000 0.185581
0.302740 0.203961
0.305479 0.220477
0.308219 0.237761
0.310959 0.252799
0.313699 0.268178
0.316438 0.281079
0.319178 0.294098
0.321918 0.304595
0.324658 0.314403
0.327397 0.321612
0.330137 0.327545
0.332877 0.331036
0.335616 0.333990
0.338356 0.335511
0.341096 0.336994
0.343836 0.337582
0.346575 0.338421
0.349315 0.338468
0.352055 0.339622
0.354795 0.340575
0.357534 0.342376
0.360274 0.343527
0.363014 0.344215
0.365753 0.342294
0.368493 0.338636
0.371233 0.334033
0.373973 0.330942
0.376712 0.329520
0.379452 0.329303
0.382192 0.330341
0.384932 0.332310
0.387671 0.334541
0.390411 0.336291
0.393151 0.338875
0.395890 0.341798
0.398630 0.345570
0.401370 0.350338
0.404110 0.355804
0.406849 0.362520
0.409589 0.369742
0.412329 0.377016
0.415068 0.380663
0.417808 0.380165
0.420548 0.375442
0.423288 0.371790
0.426027 0.368944
0.428767 0.364446
0.431507 0.357001
0.434247 0.348217
0.436986 0.335390
0.439726 0.319133
0.442466 0.299337
0.445205 0.276456
0.447945 0.250713
0.450685 0.223062
0.453425 0.193561
0.456164 0.163486
0.458904 0.132852
0.461644 0.102828
0.464384 0.073243
0.467123 0.045755
0.469863 0.019480
0.472603 -0.004567
0.475342 -0.026798
0.478082 -0.045762
0.480822 -0.061016
0.483562 -0.072099
0.486301 -0.082764
0.489041 -0.096074
0.491781 -0.115150
0.494521 -0.137650
0.497260 -0.160552
0.500000 -0.181856
0.502740 -0.201372
0.505479 -0.217263
0.508219 -0.227389
0.510959 -0.230736
0.513699 -0.227901
0.516438 -0.221300
0.519178 -0.214054
0.521918 -0.206964
0.524658 -0.201022
0.527397 -0.196900
0.530137 -0.193956
0.532877 -0.191501
0.535616 -0.189791
0.538356 -0.187729
0.541096 -0.185495
0.543836 -0.183157
0.546575 -0.180516
0.549315 -0.177321
0.552055 -0.174544
0.554795 -0.171115
0.557534 -0.167812
0.560274 -0.164555
0.563014 -0.161298
0.565753 -0.157766
0.568493 -0.154852
0.571233 -0.151496
0.573973 -0.148385
0.576712 -0.145477
0.579452 -0.142479
0.582192 -0.139475
0.584932 -0.136890
0.587671 -0.133985
0.590411 -0.131298
0.593151 -0.128825
0.595890 -0.126156
0.598630 -0.123628
0.601370 -0.121306
0.604110 -0.118795
0.606849 -0.116437
0.609589 -0.114185
0.612329 -0.111839
0.615068 -0.109563
0.617808 -0.107455
0.620548 -0.105154
0.623288 -0.103034
0.626027 -0.100981
0.628767 -0.098859
0.631507 -0.096771
0.634247 -0.094996
0.636986 -0.092941
0.639726 -0.091180
0.642466 -0.089601
0.645205 -0.087991
0.647945 -0.086392
0.650685 -0.085471
0.653425 -0.083884
0.656164 -0.082978
0.658904 -0.081839
0.661644 -0.080779
0.664384 -0.079204
0.667123 -0.078177
0.669863 -0.076283
0.672603 -0.074545
0.675342 -0.073049
0.678082 -0.071370
0.680822 -0.069995
0.683562 -0.069761
0.686301 -0.069279
0.689041 -0.069379
0.691781 -0.069776
0.694521 -0.069876
0.697260 -0.069883
0.700000 -0.070925
0.702740 -0.071569
0.705479 -0.073041
0.708219 -0.075676
0.710959 -0.077990
0.713699 -0.080373
0.716438 -0.082757
0.719178 -0.083502
0.721918 -0.079357
0.724658 -0.066649
0.727397 -0.040540
0.730137 -0.006834
0.732877 0.035366
0.735616 0.076649
0.738356 0.114691
0.741096 0.141169
0.743836 0.157568
0.746575 0.163534
0.749315 0.164986
0.752055 0.165809
0.754795 0.163227
0.757534 0.156423
0.760274 0.147368
0.763014 0.138859
0.765753 0.130804
0.768493 0.128073
0.771233 0.125721
0.773973 0.124640
0.776712 0.119403
0.779452 0.110525
0.782192 0.095664
0.784932 0.078015
0.787671 0.057255
0.790411 0.034118
0.793151 0.009630
0.795890 -0.016643
0.798630 -0.044241
0.801370 -0.071473
0.804110 -0.099985
0.806849 -0.125547
0.809589 -0.149357
0.812329 -0.169307
0.815068 -0.187520
0.817808 -0.202696
0.820548 -0.216633
0.823288 -0.226496
0.826027 -0.233614
0.828767 -0.236898
0.831507 -0.239063
0.834247 -0.238052
0.836986 -0.238847
0.839726 -0.238631
0.842466 -0.241238
0.845205 -0.244969
0.847945 -0.250242
0.850685 -0.254891
0.853425 -0.258811
0.856164 -0.260387
0.858904 -0.260671
0.861644 -0.260320
0.864384 -0.259426
0.867123 -0.257342
0.869863 -0.254489
0.872603 -0.249976
0.875342 -0.245919
0.878082 -0.241302
0.880822 -0.235818
0.883562 -0.229350
0.886301 -0.224417
0.889041 -0.217436
0.891781 -0.210549
0.894521 -0.203467
0.897260 -0.197042
0.900000 -0.189659
0.902740 -0.183716
0.905479 -0.177234
0.908219 -0.172228
0.910959 -0.166717
0.913699 -0.162423
0.916438 -0.157376
0.919178 -0.153919
0.921918 -0.150074
0.924658 -0.146833
0.927397 -0.143554
0.930137 -0.141288
0.932877 -0.138532
0.935616 -0.137016
0.938356 -0.135660
0.941096 -0.135324
0.943836 -0.139500
0.946575 -0.146187
0.949315 -0.151664
0.952055 -0.155478
0.954795 -0.156546
0.957534 -0.155242
0.960274 -0.154263
0.963014 -0.154334
0.965753 -0.156670
0.968493 -0.158666
0.971233 -0.150440
0.973973 -0.117684
0.976712 -0.066932
0.979452 -0.020423
0.982192 -0.002170
0.984932 -0.000747
0.987671 -0.009294
0.990411 -0.024904
0.993151 -0.037847
0.995890 -0.022966
0.998630 -0.000029
